0 0
0.001 0.035667
0.002 -0.00399779
0.003 -0.0389807
0.004 0.0695329
0.005 -0.110564
0.006 0.0992073
0.007 -0.0122175
0.008 -0.0494032
0.009 -0.0700861
0.01 0.13016
0.011 0.0964037
0.012 -0.0350783
0.013 0.0721079
0.014 0.0300524
0.015 -0.101838
0.016 0.0146029
0.017 -0.111086
0.018 0.0814714
0.019 -0.345965
0.02 -0.143163
0.021 0.032733
0.022 -0.00231188
0.023 0.129746
0.024 -0.13028
0.025 0.254593
0.026 -0.159162
0.027 -0.061007
0.028 -0.134587
0.029 -0.164527
0.03 -0.0568281
0.031 -0.0852567
0.032 -0.00803925
0.033 -0.131391
0.034 -0.192707
0.035 0.120529
0.036 -0.0363959
0.037 -0.0957643
0.038 -0.16663
0.039 0.0859102
0.04 -0.096078
0.041 0.0276746
0.042 -0.0537351
0.043 -0.104558
0.044 -0.0453551
0.045 0.292311
0.046 0.0669218
0.047 -0.01479
0.048 0.00166907
0.049 -0.0676354
0.05 -0.0931147
0.051 -0.0673623
0.052 -0.0598773
0.053 -0.577524
0.054 -0.0112217
0.055 0.00638834
0.056 -0.0692588
0.057 -0.180996
0.058 0.161675
0.059 -0.201901
0.06 0.208138
0.061 -0.319553
0.062 0.0837693
0.063 -0.272614
0.064 0.115388
0.065 -0.0274245
0.066 -0.183917
0.067 0.241195
0.068 -0.359769
0.069 -0.106452
0.07 0.206867
0.071 0.0713227
0.072 0.254186
0.073 -0.0823379
0.074 0.273072
0.075 -0.0139483
0.076 0.0931551
0.077 -0.209516
0.078 0.350195
0.079 -0.0240948
0.08 -0.354565
0.081 0.0235321
0.082 -0.118181
0.083 -0.575436
0.084 -0.28059
0.085 -0.0527288
0.086 -0.163383
0.087 -0.643844
0.088 -0.22096
0.089 0.0659729
0.09 0.2392
0.091 0.160051
0.092 0.31532
0.093 0.128721
0.094 -0.160855
0.095 -0.0721144
0.096 -0.57761
0.097 0.337443
0.098 0.109242
0.099 -0.294041
0.1 0.488499
0.101 -0.107995
0.102 0.263729
0.103 -0.228956
0.104 0.537297
0.105 0.0999134
0.106 -0.188774
0.107 0.113773
0.108 -0.0836708
0.109 -0.53416
0.11 0.541123
0.111 -0.514658
0.112 -0.335317
0.113 0.0632678
0.114 0.265949
0.115 -0.362772
0.116 0.31932
0.117 -1.10521
0.118 0.167568
0.119 0.127298
0.12 0.248831
0.121 -0.0222009
0.122 -0.127086
0.123 0.406715
0.124 0.0493741
0.125 -0.393853
0.126 0.486334
0.127 0.245552
0.128 0.578399
0.129 0.694684
0.13 0.475675
0.131 0.121815
0.132 -0.0853785
0.133 -0.0838441
0.134 0.308065
0.135 0.634742
0.136 0.460852
0.137 -0.627022
0.138 -0.470704
0.139 0.0709259
0.14 -0.0651028
0.141 0.0252091
0.142 0.103731
0.143 -0.334777
0.144 0.290091
0.145 0.727376
0.146 -0.328904
0.147 -0.984518
0.148 0.248024
0.149 0.183916
0.15 -0.511993
0.151 -1.22765
0.152 -0.382809
0.153 0.495643
0.154 -0.964438
0.155 -0.712066
0.156 -0.57264
0.157 -0.248373
0.158 0.625585
0.159 0.063255
0.16 0.60931
0.161 -0.0517202
0.162 0.271947
0.163 -0.210128
0.164 -0.846782
0.165 0.135559
0.166 -0.958247
0.167 0.857134
0.168 0.322291
0.169 1.12354
0.17 0.711356
0.171 -0.39538
0.172 -0.356945
0.173 0.0791416
0.174 -0.512377
0.175 -0.124957
0.176 -0.00627957
0.177 -0.640193
0.178 0.529122
0.179 -0.206017
0.18 0.120962
0.181 -0.735031
0.182 -0.0163249
0.183 0.128994
0.184 -0.625338
0.185 -0.377758
0.186 -0.296553
0.187 -0.902015
0.188 0.114163
0.189 0.563401
0.19 -0.00455192
0.191 0.319581
0.192 -0.412835
0.193 -1.31909
0.194 -0.356757
0.195 0.106369
0.196 0.527274
0.197 0.670743
0.198 0.600973
0.199 0.864603
0.2 0.679609
0.201 -0.0837005
0.202 0.149068
0.203 -0.290945
0.204 -0.359831
0.205 -0.120251
0.206 1.18477
0.207 -0.400104
0.208 0.413812
0.209 0.500775
0.21 -0.0737559
0.211 1.47695
0.212 0.131558
0.213 0.31688
0.214 0.647506
0.215 -0.0392842
0.216 0.696565
0.217 0.557364
0.218 0.849382
0.219 0.725757
0.22 0.390872
0.221 1.09361
0.222 -0.0280712
0.223 -0.440982
0.224 0.112799
0.225 1.21318
0.226 -0.941991
0.227 -0.262204
0.228 -1.10066
0.229 -0.957534
0.23 0.473576
0.231 -0.355713
0.232 -1.12319
0.233 1.30396
0.234 -0.391456
0.235 -0.880924
0.236 0.16504
0.237 0.707685
0.238 0.161874
0.239 0.693783
0.24 -1.13765
0.241 1.32795
0.242 0.165763
0.243 -0.739721
0.244 0.13731
0.245 0.575895
0.246 0.0388883
0.247 0.267345
0.248 0.819706
0.249 -1.225
0.25 0.0482254
0.251 0.418378
0.252 1.25301
0.253 0.214739
0.254 -0.175399
0.255 0.115517
0.256 0.55244
0.257 -0.610158
0.258 -0.3038
0.259 -0.612282
0.26 0.458019
0.261 0.443273
0.262 0.642526
0.263 0.0523292
0.264 -0.109859
0.265 0.392403
0.266 -0.0512721
0.267 0.968616
0.268 -0.945028
0.269 -0.21298
0.27 -1.16557
0.271 0.0645538
0.272 0.100584
0.273 -0.402135
0.274 0.542483
0.275 0.00965239
0.276 0.304757
0.277 1.72103
0.278 0.331048
0.279 -0.181855
0.28 -0.301326
0.281 0.0118086
0.282 1.15685
0.283 -0.69018
0.284 1.65764
0.285 -0.348043
0.286 -0.723153
0.287 0.235223
0.288 -0.817254
0.289 -0.764965
0.29 1.44186
0.291 -0.0169672
0.292 0.0864
0.293 -0.403721
0.294 -0.324368
0.295 0.362838
0.296 -0.015632
0.297 0.552677
0.298 0.0232449
0.299 -0.0115458
0.3 0.0587371
0.301 0.267361
0.302 0.353188
0.303 -0.320107
0.304 0.156721
0.305 0.57234
0.306 -0.527538
0.307 1.13853
0.308 0.145924
0.309 -0.513228
0.31 -0.462993
0.311 0.052842
0.312 -0.392169
0.313 -0.137734
0.314 -0.658649
0.315 -0.865227
0.316 0.941286
0.317 0.615666
0.318 -0.364004
0.319 -0.061016
0.32 -0.254671
0.321 0.146248
0.322 -0.0379133
0.323 -0.0257975
0.324 -0.18025
0.325 0.82217
0.326 1.18984
0.327 0.293727
0.328 0.713171
0.329 -2.43253
0.33 -0.946135
0.331 -0.191212
0.332 -1.19885
0.333 -0.542134
0.334 -0.408963
0.335 0.0316401
0.336 0.226211
0.337 0.920694
0.338 0.972589
0.339 0.343517
0.34 -0.449812
0.341 0.904391
0.342 1.47274
0.343 -0.067133
0.344 1.0413
0.345 0.987045
0.346 0.881365
0.347 -0.26448
0.348 0.0734074
0.349 0.505112
0.35 1.01379
0.351 0.229571
0.352 -0.878306
0.353 -0.245897
0.354 -0.396168
0.355 -0.0189474
0.356 -0.736857
0.357 -1.05824
0.358 -0.345338
0.359 -1.64258
0.36 0.189517
0.361 -0.643231
0.362 -0.253932
0.363 0.409572
0.364 -0.445698
0.365 0.4905
0.366 1.14105
0.367 1.32799
0.368 0.0638594
0.369 -0.344284
0.37 -0.135298
0.371 -0.127675
0.372 1.56257
0.373 0.356084
0.374 -1.80747
0.375 0.701547
0.376 0.697857
0.377 0.233231
0.378 -0.459034
0.379 0.0810175
0.38 -2.15733
0.381 0.475607
0.382 1.11148
0.383 0.837378
0.384 -0.0551138
0.385 -0.0949606
0.386 0.14098
0.387 0.555122
0.388 -0.0586539
0.389 0.80362
0.39 -0.367238
0.391 -0.688136
0.392 0.027319
0.393 -0.767018
0.394 0.769144
0.395 0.507261
0.396 -0.127717
0.397 -0.630375
0.398 -0.627658
0.399 0.884329
0.4 -1.3354
0.401 1.01265
0.402 -0.356862
0.403 -1.6875
0.404 0.864343
0.405 -0.196814
0.406 0.609511
0.407 -0.708008
0.408 0.206915
0.409 1.30055
0.41 2.46436
0.411 0.271741
0.412 -0.503968
0.413 0.268709
0.414 0.881751
0.415 -0.909055
0.416 -0.0766956
0.417 0.61171
0.418 1.88047
0.419 0.380665
0.42 -0.00910299
0.421 -0.804168
0.422 -0.702958
0.423 1.54421
0.424 0.855384
0.425 -0.278104
0.426 -0.586865
0.427 -0.151281
0.428 -0.612606
0.429 -0.109739
0.43 0.254753
0.431 0.622984
0.432 0.288622
0.433 0.120927
0.434 -0.519581
0.435 0.438569
0.436 0.846518
0.437 -0.65614
0.438 -0.722823
0.439 -0.103073
0.44 -1.23694
0.441 0.65292
0.442 -1.26888
0.443 0.907883
0.444 -0.194549
0.445 0.882923
0.446 -1.15125
0.447 -2.0193
0.448 0.100832
0.449 0.442749
0.45 2.36029
0.451 -1.2146
0.452 0.183703
0.453 1.39795
0.454 -0.790368
0.455 0.291287
0.456 0.785231
0.457 0.68667
0.458 -0.342714
0.459 -1.77416
0.46 1.15313
0.461 0.440148
0.462 0.263511
0.463 -0.756732
0.464 0.812011
0.465 -0.0317123
0.466 1.03511
0.467 -0.0800049
0.468 -0.381887
0.469 -0.730161
0.47 -0.206073
0.471 -0.759238
0.472 -0.558216
0.473 0.118391
0.474 -1.25138
0.475 -0.724011
0.476 0.012565
0.477 -0.08513
0.478 -0.626235
0.479 2.32481
0.48 -1.38091
0.481 -1.18971
0.482 -2.12902
0.483 0.251
0.484 -1.24002
0.485 0.13661
0.486 1.41696
0.487 -0.126151
0.488 0.876775
0.489 -1.63849
0.49 -0.677592
0.491 -0.950497
0.492 -0.171887
0.493 2.22918
0.494 0.627127
0.495 0.213188
0.496 -1.84711
0.497 -0.638652
0.498 -0.0671029
0.499 0.472807
0.5 -1.33683
0.501 -0.439662
0.502 -0.434847
0.503 1.19606
0.504 -0.478026
0.505 -1.44674
0.506 -1.06522
0.507 0.756005
0.508 1.14445
0.509 -0.558099
0.51 -1.17151
0.511 -0.0311008
0.512 -1.08982
0.513 0.648687
0.514 0.0420904
0.515 -0.175597
0.516 -1.77197
0.517 -0.635175
0.518 -1.71077
0.519 -0.806073
0.52 1.01359
0.521 -1.66911
0.522 1.91436
0.523 1.15596
0.524 -0.413566
0.525 0.993199
0.526 -0.0749086
0.527 0.439181
0.528 0.754019
0.529 0.0791181
0.53 -0.82441
0.531 -0.0657623
0.532 0.0633126
0.533 1.4755
0.534 1.31547
0.535 -0.216872
0.536 -0.317489
0.537 -1.15977
0.538 0.47403
0.539 0.0402202
0.54 1.53875
0.541 -1.32775
0.542 -1.95716
0.543 -0.895378
0.544 1.35742
0.545 1.6413
0.546 -1.0132
0.547 0.357606
0.548 -0.343529
0.549 -1.06936
0.55 0.251345
0.551 0.128063
0.552 -0.60168
0.553 1.57248
0.554 -0.240649
0.555 -0.655972
0.556 1.22538
0.557 1.59288
0.558 -0.950688
0.559 1.09382
0.56 1.77967
0.561 -0.214934
0.562 0.568471
0.563 -0.831311
0.564 -0.11992
0.565 0.121422
0.566 -0.441848
0.567 0.526878
0.568 -0.0314792
0.569 -0.98422
0.57 -1.51203
0.571 0.182639
0.572 -0.513745
0.573 -2.08747
0.574 -0.0278834
0.575 -0.833961
0.576 0.694015
0.577 1.34385
0.578 1.04122
0.579 -1.21885
0.58 0.590652
0.581 -0.582044
0.582 -1.55709
0.583 -1.87043
0.584 0.503146
0.585 0.469454
0.586 -0.108165
0.587 0.578294
0.588 0.180565
0.589 -0.111008
0.59 0.857239
0.591 0.957688
0.592 -1.19544
0.593 0.226954
0.594 1.648
0.595 0.355927
0.596 0.6407
0.597 0.66848
0.598 -0.0264129
0.599 -0.488434
0.6 1.0757
0.601 0.0167014
0.602 0.52283
0.603 0.576274
0.604 -0.225282
0.605 0.392424
0.606 -0.236383
0.607 -0.095327
0.608 -0.194338
0.609 1.2303
0.61 -1.33103
0.611 0.829753
0.612 -0.27265
0.613 -0.889329
0.614 -1.44029
0.615 1.08446
0.616 0.159982
0.617 0.034378
0.618 -2.47261
0.619 -1.54746
0.62 1.69858
0.621 -2.02836
0.622 -1.6973
0.623 -1.03951
0.624 -0.252132
0.625 0.160669
0.626 -0.163711
0.627 0.628842
0.628 0.966167
0.629 0.840037
0.63 2.23935
0.631 0.654663
0.632 -0.860135
0.633 -0.941004
0.634 1.31437
0.635 -0.636625
0.636 -0.529229
0.637 -2.80144
0.638 0.973615
0.639 0.332531
0.64 0.940394
0.641 -2.81101
0.642 1.3659
0.643 0.750354
0.644 0.34126
0.645 -0.28441
0.646 0.378183
0.647 0.489134
0.648 -1.08303
0.649 0.242923
0.65 0.930607
0.651 1.46659
0.652 -1.47867
0.653 -0.281614
0.654 -1.28179
0.655 0.462999
0.656 -0.235945
0.657 -0.549153
0.658 0.517175
0.659 -0.472394
0.66 -0.601361
0.661 -1.3443
0.662 1.01594
0.663 1.01917
0.664 -0.716536
0.665 0.399623
0.666 -0.74991
0.667 -1.06621
0.668 -0.222738
0.669 1.11263
0.67 0.869543
0.671 1.4613
0.672 0.395799
0.673 -0.185441
0.674 0.358888
0.675 -1.26732
0.676 0.306319
0.677 0.812607
0.678 1.34123
0.679 0.22938
0.68 -0.776822
0.681 -1.24345
0.682 1.71672
0.683 0.510748
0.684 -0.381353
0.685 -0.928653
0.686 0.474262
0.687 -0.400109
0.688 0.3984
0.689 0.605326
0.69 1.1885
0.691 1.42315
0.692 -1.2601
0.693 -1.08374
0.694 -0.878705
0.695 0.302299
0.696 -0.499392
0.697 -1.37432
0.698 -1.13211
0.699 1.5935
0.7 1.86297
0.701 0.489267
0.702 2.23326
0.703 -0.660493
0.704 -0.861003
0.705 -1.56178
0.706 0.233077
0.707 0.583368
0.708 0.0126555
0.709 2.58201
0.71 -1.89885
0.711 -0.227759
0.712 1.88139
0.713 -0.0134261
0.714 -0.286404
0.715 0.984117
0.716 0.755604
0.717 0.550234
0.718 0.783544
0.719 0.0147891
0.72 -0.309629
0.721 0.335767
0.722 -1.17509
0.723 0.568059
0.724 0.22074
0.725 -0.605932
0.726 0.342706
0.727 -4.10663
0.728 0.6976
0.729 -1.06914
0.73 -0.340886
0.731 -1.19567
0.732 -0.0540542
0.733 0.785952
0.734 -0.509464
0.735 -0.76161
0.736 0.297956
0.737 -2.03901
0.738 -0.0645813
0.739 -1.09539
0.74 0.552161
0.741 -0.401651
0.742 -1.88632
0.743 1.05556
0.744 0.118145
0.745 -0.524304
0.746 -0.44058
0.747 -0.620805
0.748 1.96744
0.749 -1.62613
0.75 0.164131
0.751 -1.59249
0.752 0.734941
0.753 -1.15789
0.754 -1.41736
0.755 -0.580802
0.756 0.307325
0.757 0.374084
0.758 -0.561488
0.759 0.356825
0.76 1.14338
0.761 -0.808585
0.762 -0.616525
0.763 1.26275
0.764 -0.654167
0.765 1.66935
0.766 1.20506
0.767 -0.784258
0.768 -0.178769
0.769 2.08338
0.77 -0.369673
0.771 2.1325
0.772 -1.14523
0.773 0.390437
0.774 -0.646887
0.775 -0.928238
0.776 0.432895
0.777 0.0421149
0.778 -0.0955063
0.779 1.87062
0.78 -0.839385
0.781 -0.580933
0.782 1.00637
0.783 -0.882913
0.784 0.371734
0.785 -0.0679371
0.786 0.24488
0.787 -0.219203
0.788 1.92022
0.789 -0.297687
0.79 -1.00693
0.791 -0.43718
0.792 -0.628309
0.793 -1.30262
0.794 -0.945666
0.795 -1.98732
0.796 1.11559
0.797 0.614357
0.798 1.2215
0.799 -0.541597
0.8 -0.245698
0.801 0.0211455
0.802 -0.805206
0.803 -0.827926
0.804 2.45902
0.805 -0.389824
0.806 -1.24732
0.807 -0.437231
0.808 -0.824156
0.809 -0.0474075
0.81 -0.817687
0.811 -0.286693
0.812 1.54457
0.813 -1.91669
0.814 -0.318708
0.815 -1.5365
0.816 1.08453
0.817 -1.01594
0.818 -0.387074
0.819 1.38623
0.82 -0.317037
0.821 2.01273
0.822 -3.4752
0.823 -0.971126
0.824 -1.93875
0.825 -0.0279301
0.826 0.687871
0.827 -0.168656
0.828 -2.47649
0.829 1.77097
0.83 -0.39688
0.831 1.40384
0.832 1.45438
0.833 -3.92355
0.834 0.42611
0.835 -1.04067
0.836 1.12945
0.837 -0.190129
0.838 0.686999
0.839 -1.46152
0.84 -2.33928
0.841 -0.134397
0.842 0.378361
0.843 0.0953803
0.844 -0.267191
0.845 1.02573
0.846 1.23347
0.847 0.765322
0.848 -0.647118
0.849 -0.962246
0.85 -0.453678
0.851 0.314579
0.852 -1.42185
0.853 0.236015
0.854 0.707922
0.855 0.00664752
0.856 1.13939
0.857 0.120342
0.858 -0.360777
0.859 0.501459
0.86 -0.150183
0.861 -0.191294
0.862 0.754939
0.863 0.865462
0.864 0.688687
0.865 1.02084
0.866 0.38257
0.867 0.0574287
0.868 0.754852
0.869 0.185415
0.87 -2.08674
0.871 1.251
0.872 -2.84855
0.873 -0.426476
0.874 -0.683276
0.875 1.85253
0.876 0.673206
0.877 1.49282
0.878 1.63782
0.879 -0.145518
0.88 0.75166
0.881 -1.32808
0.882 -0.240546
0.883 -1.12488
0.884 -1.04718
0.885 -1.24431
0.886 1.9241
0.887 2.66328
0.888 -0.030642
0.889 -1.26605
0.89 -0.14419
0.891 -0.0131622
0.892 -0.218556
0.893 -0.201162
0.894 0.215861
0.895 -2.2869
0.896 -0.539416
0.897 -0.484593
0.898 0.906431
0.899 -0.000795721
0.9 0.664979
0.901 -4.09519
0.902 1.40415
0.903 -1.53779
0.904 -1.28706
0.905 -0.667078
0.906 1.16585
0.907 0.860362
0.908 1.1631
0.909 -1.94078
0.91 -0.264443
0.911 -1.38669
0.912 0.621801
0.913 0.137084
0.914 -0.0524868
0.915 0.186031
0.916 -0.426052
0.917 0.498975
0.918 -0.545705
0.919 -0.682054
0.92 0.58406
0.921 -0.923862
0.922 1.14609
0.923 -0.81192
0.924 1.86024
0.925 -0.215344
0.926 -1.1328
0.927 -0.304404
0.928 1.86644
0.929 0.987894
0.93 -0.566325
0.931 0.603986
0.932 0.123637
0.933 -0.267354
0.934 -1.33285
0.935 -1.81798
0.936 -0.50815
0.937 0.264372
0.938 -0.459915
0.939 0.450852
0.94 1.35017
0.941 1.05962
0.942 1.26239
0.943 2.34276
0.944 3.67699
0.945 -0.577031
0.946 0.759629
0.947 -0.313772
0.948 -1.38326
0.949 -1.32379
0.95 1.32127
0.951 -0.581579
0.952 -0.715049
0.953 1.39659
0.954 0.890212
0.955 1.11492
0.956 0.105913
0.957 1.58078
0.958 -0.198211
0.959 2.05626
0.96 -0.120557
0.961 0.402512
0.962 -1.94964
0.963 0.42814
0.964 -0.269168
0.965 -1.01489
0.966 0.705372
0.967 -2.82001
0.968 0.476432
0.969 -0.776638
0.97 -0.398761
0.971 1.67645
0.972 0.578528
0.973 -0.944394
0.974 1.83678
0.975 -1.32821
0.976 -0.52489
0.977 0.650965
0.978 3.41444
0.979 0.371011
0.98 -1.33932
0.981 1.18618
0.982 -1.85301
0.983 -0.0860851
0.984 0.563574
0.985 0.77231
0.986 0.520059
0.987 -0.400181
0.988 0.363359
0.989 1.05079
0.99 -0.627081
0.991 1.09461
0.992 0.163746
0.993 0.997637
0.994 -1.48318
0.995 -0.202589
0.996 1.73168
0.997 -0.392095
0.998 -1.16306
0.999 -3.19752
