0.317944
-0.547177
0.766471
0.00558278
-1.77974
1.36068
-1.7796
0.135699
-0.553491
0.327354
0.0279567
2.60222
-1.7888
0.322556
1.5836
0.372415
0.264069
-0.0722663
-0.333799
0.110347
2.01511
-0.223469
-0.641615
0.0052272
0.254044
0.389995
-0.313883
-0.792898
0.94988
0.298093
-0.101161
-0.908693
0.919349
-0.528861
-1.05505
-2.29389
0.351819
-0.855272
0.36762
-0.0379959
0.497968
0.656245
0.462893
-1.20733
0.925261
0.0711504
-0.0642347
-0.114777
-2.38807
-0.471865
-1.7567
-0.374713
-0.175613
-0.302963
1.06342
1.38659
1.53331
-0.365319
-1.2327
0.82351
-1.41848
0.272672
0.510838
-1.94451
-0.693955
-1.65952
-0.310006
0.887494
0.780665
-1.10941
0.358125
-1.41587
-0.533201
0.347759
-0.822082
-0.259805
-0.595262
0.940557
0.153084
-0.064697
-0.442973
2.17786
0.781767
0.0510232
-1.05169
-0.739623
0.0245703
-0.0796718
-2.2388
-1.96387
0.520852
-0.226557
0.134313
0.287752
-0.750193
0.507044
-0.18403
0.792738
-0.18391
-0.0797891
-0.20083
1.13725
-0.081607
0.406523
-0.743885
-1.62324
0.615955
0.551459
-0.25616
0.272676
-0.00210975
-0.401752
-0.456939
-1.28811
-0.801523
0.137534
-3.07505
-0.00188934
-0.810024
1.31492
0.0989891
-1.14953
0.0420923
0.15547
-1.21947
-1.7828
0.111228
0.807506
0.510313
0.0431473
-0.0960191
-0.254011
-0.115383
-1.49407
-0.597036
-0.359684
-0.160387
-0.593851
1.39251
0.337982
-1.30762
-0.772297
-0.181165
-0.99246
-1.17339
0.0346114
0.0160493
1.13522
0.0504993
0.788888
-0.216685
1.39134
-0.247715
-1.57933
0.654471
-0.825682
3.06935
-0.838629
-0.558401
-0.32215
1.04136
-0.0539424
-1.0638
1.48818
-0.780419
-1.02568
1.18241
0.371387
1.58889
-0.394539
1.5556
-1.73923
-0.475095
-1.39099
-0.696419
0.606363
-0.919903
-0.515478
-0.726546
1.42466
-0.413839
0.164591
-1.46117
-0.123331
-1.39158
0.686991
-0.063134
-0.886323
0.491252
-0.679501
0.343023
-0.638893
-0.579472
-1.32549
0.11157
-0.482313
-1.25523
-3.0999
-2.63874
-0.750091
0.218714
0.0201361
0.601914
0.399707
-0.261621
-0.426334
-0.482905
0.18865
-0.182538
1.65077
-1.48223
-1.76441
0.227953
0.197408
1.14502
0.385147
1.29357
-1.27548
-0.248176
0.990186
0.421718
0.883138
-0.467053
0.514361
-2.54345
-0.292136
0.339663
-0.812209
-0.518374
1.98984
-0.26711
-0.71816
1.28159
1.46542
0.332081
-1.24902
-0.812997
-1.13044
1.31762
-1.18376
0.291856
-0.58954
0.720635
1.02711
-0.972831
1.66238
0.525472
0.157827
0.0328499
-0.807237
-1.08734
0.201641
-0.427437
-0.171856
1.03187
0.247293
0.47826
-0.980688
0.0693238
-1.11332
-1.00655
0.617433
-0.209599
-1.13056
-0.143349
2.43554
-0.354953
0.719917
-0.287131
-1.26964
1.53176
1.24127
-0.0221544
-0.0158019
-0.106195
0.516352
-1.9593
0.010729
0.20726
-2.17492
-0.331843
-0.530664
-1.14319
-0.636069
1.30583
0.557337
3.52786
-0.0202345
0.445374
-0.489347
-1.39458
-0.474053
0.0342537
-1.55891
-0.184386
0.3641
-0.221595
-0.574236
0.49137
-1.71085
-0.130707
-0.330854
2.91186
-0.432092
1.88845
0.441387
-1.83291
-1.05205
1.0015
-0.349619
-1.04025
-0.33948
-0.470761
-0.323784
0.485849
1.53594
-1.84351
1.15828
-1.20528
0.725362
-0.608217
-2.44214
-1.51462
-0.31985
0.607502
0.955472
1.5476
-0.377085
-0.300143
1.60336
0.0256363
1.05424
0.0131193
0.963253
1.27429
-0.0495877
-0.714347
1.14952
0.242876
-2.18415
-1.03172
1.44376
-0.0909744
-0.0890233
-0.188676
-0.0860966
0.452712
1.00509
-0.559413
-0.216113
0.150994
-0.303289
-0.875249
-1.90708
0.288198
0.297408
-0.806295
0.0444289
-0.886171
0.355259
1.04299
2.14844
0.294528
0.0307972
-1.55491
0.803173
0.208313
1.94174
-0.609899
1.99892
-0.795832
0.263267
0.873037
-0.0440771
0.532731
1.66465
-1.09045
-0.992251
-0.0938535
-0.824538
-0.798356
-0.660123
0.631686
-1.80067
1.9466
-0.764191
-0.603878
-2.07612
2.65425
-0.956156
-0.531439
-0.473254
-0.311147
0.979118
1.00981
-0.0429512
-0.847533
0.581169
-0.915808
1.28698
-0.948627
-1.68264
-1.52266
0.51812
0.152338
0.213209
0.533626
1.13596
-0.0671089
1.3395
-0.369477
-0.703062
0.689731
2.47085
0.252909
-0.509213
0.970606
1.08539
-0.322907
0.253706
0.00258399
0.621346
-0.946674
1.41924
-0.0528171
0.729402
0.696103
0.559609
-1.7556
-0.125611
0.775291
0.318961
-1.47753
-1.39269
-2.13267
1.33207
-0.343176
-0.701636
-1.40582
-0.880846
0.386664
1.26005
0.2161
-0.646781
-0.468489
0.277866
0.525009
-0.128071
1.65458
-2.18804
-0.242597
-1.07853
0.126769
0.00582921
-2.19745
1.68422
0.594104
-0.0395014
0.239361
-0.109423
-0.563936
-0.184371
1.62658
1.88651
2.31733
-2.63291
0.809112
-1.89015
0.914606
-1.23063
-0.192483
0.375771
-0.616113
-0.185192
0.595126
0.213098
0.521223
1.47495
-0.212935
0.301598
-0.425051
-0.936073
0.151963
-0.176513
-0.966989
-0.445583
0.0895762
1.18055
-1.22573
-0.809459
0.925117
-0.000473266
0.306823
-0.281196
-0.699153
0.290438
-2.23569
0.343786
0.350021
1.20785
-1.21825
2.18426
0.0515658
-1.27305
0.692672
1.12589
0.645047
-1.06134
-0.339995
0.551819
-0.277505
0.700201
0.377266
-0.831996
0.149499
-0.127364
0.239671
-0.225847
0.994551
0.75283
1.05553
0.329526
-0.537484
1.0071
0.700295
-0.810983
-0.277037
0.0438945
-1.09416
0.199219
-0.459961
-0.0881204
-1.15555
0.026345
0.112245
-0.273581
-0.970885
0.321315
-0.552968
0.00134414
-0.158134
-1.51137
-1.97399
1.79113
-0.534828
0.708729
0.622692
-0.925552
1.26462
0.37421
-1.25689
0.372617
-0.560844
0.224367
2.3237
0.190787
-0.0451459
1.21362
-0.0580312
-0.217414
2.21909
0.332863
0.808685
0.161432
0.535404
0.089909
1.1555
-0.571638
1.08677
0.419594
-0.0813812
-0.990744
0.546429
1.30608
-2.48172
0.122524
-1.01752
-0.3868
0.689362
-0.643102
-0.0284492
-0.165075
0.726686
-0.207891
0.304524
-1.24341
0.649885
-0.570168
0.627881
-0.526064
-0.0602799
-0.374866
-0.991351
0.137153
-1.55576
-0.608194
-1.80309
-0.613142
-0.588503
-1.24357
0.0912897
-0.598074
1.08211
0.12593
-0.254562
0.622577
0.587543
0.350202
0.677443
0.267435
0.57154
-1.51214
0.534847
0.352554
-0.442824
-0.131792
0.808091
0.0593227
-0.673001
-1.21505
0.457816
-0.333753
-0.395968
-0.428867
-0.262078
-0.128162
0.0463254
-1.33031
-1.44688
0.448615
-0.693954
-0.509156
0.858642
-1.56097
0.0866944
0.447341
0.109863
1.38785
0.416763
-0.730405
-0.519264
0.353211
-0.729305
2.68124
-0.17553
0.217682
-0.506288
0.0665018
1.10954
-0.370485
-0.245445
-0.0451327
0.138507
-0.96451
-1.22574
-1.1953
0.602634
-1.36669
-0.843376
0.362189
-1.6762
0.907792
0.958659
-0.50063
-2.14832
1.49465
-0.0757164
-1.61544
0.973442
0.482778
1.21914
-1.66587
-0.825573
1.24523
1.12352
0.251395
0.845137
1.33816
-0.107422
-1.45616
0.2616
-0.673325
1.33904
-1.63303
-2.25827
-0.88096
-0.462994
-0.873238
0.653147
-0.675313
0.36336
-0.562851
0.747873
-1.08815
-0.252057
0.310475
-0.885761
-0.886721
-1.00917
0.370007
0.460985
0.0364573
1.67677
-1.45779
-0.216137
-1.01293
-0.949101
-1.54268
-1.10291
-0.652131
0.137111
0.176685
-0.277151
0.254618
0.964894
0.170197
0.182595
0.913327
0.441928
-0.909762
0.0609884
-1.0299
-2.54578
0.0198517
0.344396
-0.149229
0.187172
1.06531
-0.354415
-0.0908779
-0.207636
-0.681741
-1.63452
0.230314
0.00947211
-0.17499
-0.139861
-0.0986858
0.838144
-0.0432137
0.497601
0.208771
-0.392495
-0.486543
1.40988
0.0260656
1.6412
-0.324391
-0.323472
0.293512
0.504365
0.411074
1.71511
-1.44179
-0.875025
-1.13201
1.08381
0.641616
0.441661
-1.56114
-0.833855
-3.09466
-1.21937
-0.369372
-1.60186
-0.515895
-1.1732
0.853095
2.50975
0.646019
0.942916
0.965823
-0.180285
1.06172
0.812321
-1.18236
0.449086
0.162594
-2.33223
-1.01972
-2.04016
0.771074
0.75887
-0.902437
-0.374443
-0.236728
-1.72894
0.509632
0.387368
0.557911
-1.30897
0.300244
2.09773
-0.861923
1.47104
0.912988
2.32656
-0.323106
-0.5064
-0.0270085
0.121614
-1.04471
-0.974858
-0.0690377
0.484678
1.7133
-0.96007
0.927229
1.46172
-0.205967
-0.166764
-0.206123
1.53566
-0.0808512
-0.511554
0.046041
0.180516
1.13269
-2.22374
-0.676167
-1.07814
-1.13853
0.389955
0.535246
-0.728064
0.609346
0.856582
-0.740387
0.022139
0.481746
-1.41607
-0.410986
0.377081
-0.463095
-0.753881
0.779513
0.584234
-0.957825
-1.32963
2.0471
-1.64152
-0.702534
-0.951838
-1.40875
-0.91967
0.718046
0.892286
-0.583397
-0.136199
-0.86686
-2.26864
2.54817
0.909628
-1.91733
0.0274034
0.194307
1.25984
-1.52079
1.18797
0.949878
-1.27989
0.931249
2.17752
-0.428711
-1.30267
0.722153
0.548552
0.956964
-1.3943
0.954533
0.727215
-0.306194
0.499364
-0.950456
0.0982662
0.0104729
-0.101739
0.825465
-0.135355
-0.325624
-0.318783
0.197082
-1.30235
-0.264013
0.219436
-0.13424
-1.17025
0.16328
1.33575
0.417772
-0.169034
1.17048
-0.204655
0.320744
0.630854
0.321952
1.04717
-0.0798507
0.443869
1.15124
0.479741
0.0557875
-0.0960817
-0.683107
0.503793
-0.778087
0.0337725
-1.62135
1.22709
-1.13336
-0.220125
1.08579
-1.29838
0.261552
1.07192
0.950771
-1.9087
1.06181
1.22606
0.141178
1.98747
0.156653
1.34478
-0.887773
0.20569
-0.260243
1.77942
0.252175
0.73844
0.3322
-0.137266
0.41973
-1.44563
0.111519
-0.166261
0.988004
0.485629
-0.202727
-1.84317
-0.0302623
0.805113
0.123268
-1.00945
0.658722
1.1634
-0.604095
1.40226
2.01236
-0.508424
-0.129036
-0.728899
-1.41451
0.680329
-2.05122
0.368642
-0.280272
-0.414698
-1.82486
-0.0853632
-0.682664
-0.480731
0.456826
0.236841
1.52247
0.272862
0.938269
-0.5322
-0.0291654
-0.623006
1.04883
0.088709
-2.06049
0.0749418
0.198488
-0.787498
2.14339
-1.50651
-0.474862
-0.722175
-0.672556
2.36269
-1.01965
2.14182
-1.35539
-0.867282
-0.023567
0.717343
-0.930773
-0.628277
0.844031
-0.131576
0.184971
1.09892
-0.122346
-1.75994
-1.45929
-0.600053
1.03511
-0.395068
-2.3627
0.0223387
0.931264
-0.0367082
-0.962788
-0.794121
-0.521036
-0.580711
0.303502
-0.298238
-0.667062
-1.58454
1.63533
1.40516
-1.68356
1.02935
-0.24125
-1.75528
1.0175
0.801379
1.22085
2.25862
1.08753
1.13259
-1.13404
-0.239565
-0.964975
0.175394
-0.67603
0.297313
-0.301542
-2.34499
-0.204077
-0.541494
0.524024
-0.248862
0.155444
0.281171
0.115197
-0.207338
1.16742
-0.875836
0.769091
1.09673
1.2703
-1.10132
0.462908
-0.0055708
0.985776
3.14514
-1.15865
-0.919234
-0.065303
-0.0505572
-0.651085
0.838007
-0.529765
-1.049
0.613767
1.14122
-0.463802
0.525956
-0.153662
0.952361
-0.486769
-0.159104
0.827779
0.639973
-1.01239
-0.614816
0.0939071
-0.289901
0.914133
-0.91465
-0.788509
1.42818
-0.288943
-1.07389
-1.63523
0.700067
-0.78615
0.344244
1.60147
-2.8867
0.0107043
-0.680205
-0.127297
-0.135258
0.577075
0.169199
0.468457
-1.41783
-0.699149
1.12679
-0.0484105
-0.436494
0.708719
0.752466
2.03392
-0.331859
-0.189383
0.263631
0.502876
1.65662
0.683544
-1.18684
-1.11321
2.21357
-0.374841
-0.309487
0.449032
0.680248
1.29685
-0.401605
0.569162
-0.487198
0.659364
1.30404
-0.373582
-1.86475
-0.832888
-0.611134
0.152738
1.07061
-0.791469
-0.67785
-0.209581
-1.28827
-0.140407
0.0151915
-1.23348
-1.20678
-1.42354
0.0135802
0.569739
0.278994
-1.91587
-0.633647
1.74604
-1.33686
-0.0480781
0.738465
0.318766
-0.434151
-0.255769
-0.555077
0.176828
0.880441
-1.17794
1.28849
-0.027631
0.673037
-0.547275
0.157681
-0.793636
1.04309
0.657779
-0.364393
-1.53134
0.796075
-3.07544
-0.407504
-0.45532
0.398135
0.613406
0.698212
1.64769
0.525037
-0.696524
-0.988166
0.192201
-0.341291
2.14827
-0.815989
-0.268807
0.151781
0.82669
1.90161
1.09861
-0.0953137
1.78706
0.579585
-0.912362
0.724298
0.57907
0.829054
-2.83731
-1.60814
0.324078
-2.19751
0.214291
0.515967
0.352942
1.22436
1.03554
-0.883027
0.253586
0.534151
-0.619228
0.422228
-1.37394
-0.444712
1.34148
-0.468427
1.06473
-0.61093
0.389603
-1.86558
1.23823
1.90087
-1.16621
-0.977878
0.726188
0.146351
1.74531
-0.040568
-0.866821
-1.40476
0.15957
-0.205729
-0.89085
0.458039
-1.05342
-0.31282
1.57735
1.56859
1.0792
-0.561335
0.0911746
0.880611
-0.465588
-0.878896
0.169382
0.214936
1.11839
-0.678892
0.958555
-1.20257
0.443627
-1.93646
2.56893
0.501691
-1.06079
1.24443
0.597612
-1.02962
-0.218028
-1.14606
-0.28152
-0.180178
0.231448
-1.15368
0.0589182
0.406302
0.72972
0.102579
0.4226
-1.62511
-0.743269
0.491149
-1.40413
1.26987
-0.479504
0.217487
-1.56833
1.72417
-0.838556
0.300741
0.975601
-0.32777
1.56432
-0.210661
0.840387
0.536999
0.396286
-1.19526
-0.497217
0.17623
-0.112148
0.829142
0.307015
0.480688
-0.469338
0.20577
-0.274925
0.404531
-0.570017
0.876854
0.537977
0.0577924
0.37613
-0.941648
-1.51201
0.759318
-0.658666
-0.936574
-0.335132
-0.501767
1.59128
-1.03072
-1.28962
-0.196429
0.261215
-0.0906523
-0.367482
-0.434237
-0.466143
1.18691
-1.28873
0.183281
0.738232
-0.973673
0.752355
0.378409
-0.912663
-0.690744
-1.69108
-0.308942
-1.39957
-0.246223
-2.78741
-0.649547
-0.24098
-1.09385
0.364042
0.913324
-0.671291
1.27196
-2.04035
0.119223
-1.9817
-0.707149
-2.2414
-1.28875
1.05533
1.05177
-0.0723426
0.826407
0.313198
-1.36452
0.852028
0.6315
-0.996541
0.847419
0.537789
-0.861034
0.429804
-0.445237
0.854258
1.27753
-1.34029
-0.687943
0.45627
0.428221
-2.23213
-0.744127
0.463383
0.829398
-1.02257
2.84953
0.24653
0.775698
0.565202
1.2867
-0.00872485
-0.326954
-1.08899
-1.77434
-0.0606835
0.193306
0.410804
-0.801589
0.549171
0.782536
-0.737288
-0.483236
-0.530504
-0.758477
1.77922
1.36846
-0.979567
-1.43978
-1.98302
0.934324
-0.102251
-2.10709
0.271086
0.945436
-1.06812
-1.24437
-0.944907
-0.312248
0.402217
0.266873
-0.75917
-2.24815
0.641577
-0.150249
-0.21158
-0.45625
-0.695981
0.897388
0.866202
-0.47893
0.883199
0.351657
-0.75341
-0.923847
0.968523
-1.11043
-0.868094
0.711947
-1.54646
-1.16117
0.997077
0.685076
-0.888178
0.0403747
-0.00724939
0.316134
-1.00075
-0.730205
-0.694111
-1.35286
-1.38534
0.0601347
0.208099
1.96618
0.778006
0.856243
0.859167
1.12586
-0.940533
-0.504889
-0.429802
0.443816
-0.874573
-2.20036
-0.425882
1.37645
0.70276
-2.21842
-0.734905
-1.12237
-1.17976
0.0219472
-1.27299
-1.0818
0.124643
-0.960443
0.757157
2.03928
-0.489367
-0.356298
0.102235
-0.701624
-0.0561379
0.901936
1.36884
0.924605
1.7206
-1.5408
1.50121
-2.27543
1.12012
-0.750051
0.304958
-0.530762
-0.807025
1.03763
-0.789985
-0.167596
-0.144898
-0.73941
1.4209
-2.14029
0.773898
1.56016
0.671212
0.22223
0.720166
0.9179
0.548609
-0.639093
0.433056
-0.568739
0.384142
-0.0409713
1.00518
1.52068
-0.0250462
-1.33463
1.06831
-8.34811e-05
0.676487
-0.94069
-0.81161
-0.543652
1.81723
-0.977041
1.79467
-0.961068
1.40691
-0.419423
-0.181166
0.182372
0.907978
0.382113
0.0389704
-1.46402
-0.965705
-1.83212
0.0340544
0.297251
0.249158
-0.166768
-0.365322
2.92063
0.409821
0.678935
1.58037
-0.807295
-0.527661
0.923013
0.215732
-1.35906
0.466633
-1.43361
-0.22955
-0.949062
-0.0714833
0.409939
0.152322
-0.43005
-1.05809
-0.860688
-0.273428
0.231642
-0.377833
0.610386
1.28252
-0.0178666
0.677668
0.220755
1.0649
-0.782477
1.22125
-0.355714
-0.0417702
0.681435
-0.612002
0.83161
-0.662372
-0.533958
-1.09576
1.26004
-1.2344
0.273536
0.492665
-1.18929
0.271817
-0.133355
0.712207
1.66
1.14992
-1.78661
-0.60561
-0.0284938
0.230967
0.209522
0.328161
0.517262
-0.480754
-0.719969
1.56074
-1.29999
-0.227528
-0.855252
-0.957478
0.603108
-0.704946
0.0457787
1.05639
0.607549
1.73499
0.600393
0.130949
-0.157774
0.420754
-0.603436
-1.23263
-0.224678
0.362222
-0.341378
0.562144
1.06513
-1.37043
-1.19476
-0.995828
-1.58822
1.59103
-3.85495
1.51406
-1.66418
-0.699265
0.222181
0.33042
0.211276
-0.659338
-1.12236
-0.249366
-0.621736
0.800041
-1.21155
0.351078
-1.17102
0.0920787
0.0357083
-1.29845
-2.10438
-0.994424
-2.26416
0.641208
0.471164
-0.213293
-0.400789
-0.769964
-0.148896
-1.72108
-1.47062
1.27691
-0.774703
1.09849
0.0392466
0.922331
-1.40382
1.74959
-0.87679
-0.679785
0.633954
-1.52381
0.848416
0.284998
0.0542973
-0.0408612
0.716621
-0.654442
-0.677152
0.643898
-0.397714
-0.286793
-0.0297062
-1.26452
-0.711669
0.406648
1.23618
-1.58904
0.610088
-0.131607
-1.30588
-1.66062
0.233243
0.23026
1.04702
-0.313472
1.03781
1.96784
0.983711
-0.617939
-0.278491
0.332266
0.896375
0.337517
0.461408
-0.553543
-1.36587
-2.13038
0.278933
-0.0828245
-0.910723
0.470198
-0.506742
1.06982
-0.675912
0.375727
0.941389
-0.148177
-0.159085
0.994739
-0.314899
0.0487708
0.404445
0.169217
-1.96396
-0.712818
-0.615301
-0.507623
0.139091
-0.566975
0.574079
1.7463
0.743637
0.251992
-0.201559
0.794191
-0.462856
-0.767348
0.485345
-0.000503264
0.433024
-1.94521
0.375586
1.36011
-1.09874
1.76831
-0.870102
0.115603
0.533201
1.02728
1.07979
-1.25042
0.129939
1.68391
-0.719335
0.106774
-0.210597
1.09597
0.229613
2.18831
-0.467146
0.501142
1.38314
-0.772197
0.323573
-0.379496
0.24941
-0.61124
-0.0101115
0.744703
0.0854831
0.397644
-0.672605
-0.116459
-0.225444
0.507311
0.117445
-1.20519
0.239382
-0.78943
1.04436
1.75066
-1.00884
-0.295321
-0.0305065
1.03597
-0.95919
2.17927
-0.338795
-0.0865447
0.321702
1.47875
-0.308333
0.238734
-0.0937748
-1.98667
0.136306
0.433677
-1.03077
-0.287459
0.145469
-0.342107
0.676521
-0.992661
0.512965
0.295161
-1.84365
0.532318
-1.63243
0.985856
0.289357
-1.4819
-0.0767778
-0.515103
0.485174
0.278259
-0.272355
1.36041
0.170273
-1.85791
-1.20887
0.397474
-1.11159
-0.671062
0.0493138
0.910927
-1.22655
-1.86152
2.76174
0.328801
-1.16922
-1.46322
-0.480681
1.57093
-0.92924
-0.0402438
1.57482
0.550994
0.113491
-1.63052
0.603673
-0.300865
-0.197194
0.77216
1.53888
-0.742208
2.38436
0.123144
1.62627
-0.228031
0.451725
1.61233
0.0793001
1.63408
-0.517722
0.746332
-0.684827
1.00906
1.21325
-0.508339
-0.0138349
-0.577169
0.675709
0.343237
1.33323
-1.31725
-0.211498
-0.603173
-0.894924
-1.30936
-0.939066
0.631164
-0.58657
1.60063
-0.485874
-0.260299
0.391735
1.16283
-1.00735
-0.632245
1.52165
-0.344237
-0.0459547
1.53998
-0.123749
-0.681981
-1.4756
1.26389
-0.419814
-0.793038
0.131543
0.102072
-0.298532
-1.48445
0.788734
-0.11956
-0.46609
-1.63057
-0.0788535
0.11763
-0.647891
1.13988
-0.252552
-0.233616
0.233331
1.85645
0.186693
-0.876393
-0.175461
-1.30664
-2.09156
0.733304
0.849057
0.610185
-1.80993
2.46004
0.731537
2.12832
1.47616
-0.106212
-1.03357
-0.786826
-0.0955743
-3.69026
-1.26184
-0.314902
-1.66312
0.784632
-0.100022
0.274558
1.37535
-1.47385
0.629532
-1.5242
0.61769
1.06564
0.896312
-1.94673
-1.25345
3.09466
-0.422383
-0.59659
-0.249638
-1.35389
0.54687
-0.407004
-0.769576
-0.895443
0.622077
-0.498511
0.439974
-0.318424
-1.32123
0.872384
0.564793
1.17585
-0.031685
0.490311
-1.24474
0.910241
-0.976379
-1.08318
2.83686
-0.497451
0.0805517
-1.48679
1.73094
-0.483161
-0.772548
-1.5368
1.03187
-0.0170348
0.470259
-0.314928
0.308614
-2.10287
1.60495
0.0861422
-0.00122134
-0.286384
-0.0239883
1.20313
0.622041
-0.888467
-0.300326
-0.158157
0.207082
1.64857
0.879717
0.429025
0.520067
0.769467
-0.255487
-0.384205
0.0941549
0.608941
-1.53873
1.02681
0.245729
0.211637
0.0798416
0.766141
0.552942
0.363597
0.462255
0.627281
-0.264539
-0.443924
-0.690811
1.63348
0.258524
0.824938
0.123016
2.36235
-0.384526
-0.354262
0.475424
-0.0265335
0.735129
-1.57172
0.873337
0.515186
0.103544
1.15133
-0.257577
0.151559
0.527253
0.696064
-1.64332
0.92344
-0.52217
-0.454662
-0.0835516
1.36811
-0.299287
-2.39259
-0.5186
-0.361266
-1.10634
-0.568637
-1.65943
0.522852
-0.510568
-1.18966
1.71259
-0.723389
0.350302
0.453643
-2.01158
0.000517454
-2.19335
-0.587587
1.76949
0.000281996
-1.38413
2.3571
-0.282502
0.489635
0.364024
1.26879
-0.283615
-1.21718
-0.220987
-2.35334
-0.839752
-0.149338
-0.961879
2.22731
1.40438
-0.296134
-0.334
0.379542
0.182304
-0.933832
-0.810655
0.35821
-0.283611
0.98192
0.0712903
0.0924996
1.59308
-0.272981
1.11394
-0.479812
-0.170446
-0.765963
1.23561
-0.191094
-0.115138
-0.836103
1.03313
-0.698931
0.518243
-1.29584
-0.370977
1.1314
0.816864
1.37321
-1.2936
-0.145948
-0.823385
0.0748106
0.452293
0.744252
0.0122726
1.60354
0.476264
0.0295112
-0.564231
-0.380683
1.19551
-1.45135
-0.23111
-2.16365
0.506635
0.231586
1.22326
-0.854227
0.336131
-0.883085
0.603793
-1.48071
-1.18633
1.43951
2.24987
0.814759
-0.670117
-0.124428
-0.569583
-0.681898
0.41377
-1.33061
-0.929857
-0.419963
0.0163859
-0.409157
0.861059
-0.871969
0.994657
-0.119042
1.46622
0.452267
-1.18109
-1.23207
-1.10534
-1.11112
-0.588941
0.378937
0.223709
-0.321347
1.6718
-0.00694719
-1.28866
-0.216038
0.158059
-0.291576
-0.658504
1.14974
0.535325
0.814708
-0.335156
0.820449
1.99029
-0.792875
0.0317939
1.00875
-1.2495
-0.252258
0.180023
-0.792709
-0.0128914
-0.855621
-0.571096
0.117142
1.0487
-0.862736
2.24317
0.426465
-1.67591
-1.40112
-0.152307
-0.671496
-0.478443
-0.357994
0.620592
1.21575
1.64295
1.31652
0.667247
0.838108
0.000519023
1.71476
-0.105229
-0.0277262
-0.236648
0.0419606
-0.352885
-1.23191
0.909728
1.65078
0.0726251
-1.18365
-1.55104
-0.158424
-1.08818
-1.30616
0.139083
-0.765953
0.300232
0.0515719
0.593556
-3.02178
1.34139
-0.184504
0.92818
0.865064
0.822028
0.356554
0.307916
0.200214
0.705845
-0.0826834
-0.588482
0.220563
0.931023
-0.463199
0.911565
0.00866117
1.62087
-1.62053
-0.0688117
-0.431534
0.304117
-0.816565
-2.12747
1.55268
1.04766
-0.592481
2.78628
0.222903
0.56574
-0.73502
-1.21906
-1.62643
-1.615
-1.20144
-0.168449
0.0344482
-0.0644459
-1.90237
-2.18317
2.02004
-2.43769
1.34244
-1.87643
-0.853187
-0.0331574
0.517792
-1.53262
2.88453
1.07473
-0.432459
-1.7156
-0.175222
-1.00814
-0.537791
0.577113
0.165777
0.803207
1.25641
0.827984
-0.959589
0.182424
2.95404
-0.999169
-1.74252
-1.20619
-0.442639
1.36601
-0.559518
0.881723
-0.211315
0.226335
-1.63734
0.260888
0.573175
-0.0603367
-0.749886
-0.632016
-1.74826
0.476284
0.502405
-0.638589
-1.45898
-0.493203
0.162755
-0.461296
-1.18029
0.852138
0.116521
1.40826
-0.644873
0.631999
-0.607747
1.56847
0.336284
0.412439
-1.05976
1.82327
0.237214
2.19629
-3.47259
-1.29362
1.10604
-0.222892
0.541685
-1.90899
0.120454
0.562166
0.509004
-0.391826
0.0986431
-0.199806
-0.898584
-0.65705
0.149809
-0.450241
-1.18933
0.593008
-1.73039
1.2911
1.05455
-0.500098
-0.547111
-0.255698
0.500681
1.45553
-0.0117145
-0.570826
1.13083
-0.102849
-0.832393
-0.119662
-0.434534
0.450519
-0.325476
0.729673
0.264894
0.198976
0.00792634
0.251926
0.654744
-0.538845
-0.744007
0.121542
0.712975
1.77904
-0.398157
-0.373807
1.63766
-0.297083
-0.504714
0.975903
0.340691
0.569185
-1.04109
-3.13062
0.480316
-1.07431
-1.08363
-0.606792
0.292671
0.376194
-0.556605
-0.530607
-1.35954
0.724402
-0.587181
0.117592
1.24889
0.5912
-0.075295
-0.840645
2.0814
0.378248
0.978321
-0.8772
-1.34906
-1.19701
0.35583
0.664615
0.677233
0.636906
0.397906
0.331063
0.913184
-0.374488
-0.351474
-1.66472
0.939365
-0.431686
0.22647
-1.78464
0.353789
-1.34604
-1.4769
-0.866424
0.530592
0.277395
1.0561
0.996978
-1.25736
0.0895077
-0.465482
1.03945
1.16971
-2.30359
0.587359
-0.0739573
2.45404
0.339563
1.11167
-0.271847
-0.600286
0.0319203
-0.457201
1.02208
-1.32773
0.995242
0.446422
-1.28996
0.327606
-0.288504
1.47326
-0.565603
-1.54002
0.276789
-0.372188
-0.0495259
0.00768747
1.6956
-0.537009
0.91388
-0.780877
0.421995
0.0655648
0.826369
1.46649
-0.0591431
-0.937797
0.812071
-0.183461
0.480744
-1.32602
-2.38892
1.05109
0.975298
2.85004
0.378184
-0.494682
-0.516025
0.421196
1.65416
0.777685
-1.33313
0.130473
-0.414134
0.076573
-0.586724
0.0972807
-0.830485
1.51978
-0.70236
0.20898
1.17992
1.3376
1.51645
-0.835019
-0.422431
-0.0750847
1.02409
-0.160603
-1.51409
-0.733072
-0.897823
-0.75685
-0.867204
-0.360683
1.03921
0.222769
-0.0226365
-0.564624
0.326106
0.0324899
-0.499777
0.393938
1.51343
0.338397
-0.232604
1.38439
0.837124
-0.676026
1.09659
1.12005
0.719033
-1.06024
-0.304944
1.30686
-0.0760036
-0.516891
0.221417
0.680087
-0.0159755
0.00180204
1.35206
1.25546
-0.118459
1.561
0.50589
0.0047348
-0.6483
-0.257674
-1.33402
0.729104
0.959479
-0.600269
0.339647
0.36363
-0.651561
0.380557
-1.74952
-0.581375
0.446087
1.97392
0.481453
-0.925933
-0.730208
-0.929811
0.559212
-0.607568
0.00934312
0.333676
1.66029
-0.346418
-0.508817
0.278707
0.710259
-1.24206
0.525737
0.100016
1.14856
-1.07621
2.29008
-0.660033
-1.37443
0.312517
-1.73772
0.000663379
-1.33479
0.314898
1.31732
-0.0245881
-0.294333
0.631249
-0.937015
0.766211
0.0347991
1.18114
0.139102
0.0920701
0.333003
-0.0379542
0.758959
0.842101
-0.602289
-0.00450318
-1.50733
0.625
-0.350272
1.37957
0.708171
1.52306
1.13342
0.937475
-0.926792
-0.108629
0.115323
-0.394188
0.941093
1.4299
3.34753
-0.530786
-1.98823
0.397974
-1.38032
-1.29084
0.0894376
0.0428468
1.42517
-0.303133
0.768404
0.665705
0.781802
-0.116604
0.755103
-0.0612935
-1.75148
0.129556
1.12441
0.82422
1.79967
-1.67149
-0.15369
1.46992
-2.08837
1.53257
-0.372046
-2.37346
0.00333818
0.204572
-1.7475
-0.567608
0.226902
-2.37179
1.64125
-1.04217
0.252083
-0.35437
0.0335514
-1.94556
-0.916911
0.576488
-0.496715
0.159961
-0.147606
0.958309
-0.563975
-1.78424
-0.244291
0.307044
0.475713
-1.66133
-0.402575
1.16714
-1.5308
-1.02698
1.16798
1.33706
2.23284
0.57784
0.285414
-0.133288
0.598985
-3.00356
0.372786
0.175983
0.062729
0.0922657
-0.420803
-1.16347
-1.23163
-0.342764
-0.944178
-1.71809
2.4222
-0.301199
0.0880712
0.167269
0.437061
1.79028
-0.127847
-1.49254
1.6173
-0.851899
0.872964
-1.53174
0.306438
-0.820262
-1.67862
1.00369
2.62649
-0.119452
0.568531
0.149368
0.345862
1.5055
1.06176
0.465012
-0.759509
0.413003
1.19132
1.34338
-0.802226
-0.539191
-0.39351
-0.144204
-0.412107
0.225367
1.53791
-1.14314
0.610446
0.0292682
-1.01011
-1.13142
-0.851322
0.612835
1.41389
0.95084
-1.22541
0.478294
-0.797953
-2.03847
-0.103902
0.0819069
2.27434
0.623175
-0.320246
-0.0324971
0.793489
1.96609
-1.56624
0.973829
1.32387
-2.35124
0.4615
-1.45372
-0.364916
0.841319
0.504386
-3.20478
-0.692927
0.0453579
1.59164
0.0350302
-1.95233
-0.949161
-0.606263
2.65199
0.307613
0.560983
0.161947
-1.23757
-0.826484
0.392722
0.610675
-0.218138
2.01042
0.237472
0.693649
-1.15198
-0.439318
0.215459
0.0128018
0.566843
0.535188
1.19879
-0.841256
0.00819058
-2.04638
-1.25761
-0.993565
-0.17698
0.377196
2.39792
-0.355626
0.126533
0.452677
-0.607628
1.12242
-0.657391
-0.261596
0.954307
-0.368347
1.19789
-0.675312
1.95798
1.65866
-0.274559
-0.96287
0.188101
-0.122168
0.68322
-1.25618
1.65229
0.644705
-0.0528988
1.64125
-0.591753
-1.34105
0.684841
-1.88807
-0.679442
0.225247
-0.667416
-1.11982
-0.657339
0.0634046
-0.715981
-1.34748
-0.357511
1.37644
-0.00034785
0.17115
-0.306682
1.9342
-0.372937
-0.227324
1.22327
-1.6354
-0.857443
-1.47756
0.532432
-0.410586
-1.38454
1.10298
1.10267
-0.545072
-1.01152
-1.32151
-0.0272896
1.45724
0.422045
-0.249488
-0.839977
-0.0139238
-1.80106
0.36448
-0.235895
-0.603564
0.222194
-0.526699
-0.325746
-0.988045
-0.609549
0.328781
-0.207205
-1.82155
0.220687
-1.07123
-1.18058
-0.412952
-0.469936
-1.64301
-0.954404
0.420679
-1.09114
-0.0781389
0.191034
-0.570501
0.742778
0.561886
0.691035
-0.0382089
-0.13556
0.13851
-0.454557
-1.21074
0.60795
-1.10563
-0.085152
0.0124694
-0.363576
1.07494
-1.65465
-0.483243
0.12196
1.33843
0.295282
-0.677315
-0.000763238
-0.233995
0.246855
1.77803
-0.0216405
0.371876
-0.00156669
-0.568972
0.376882
1.46374
-0.18374
1.18242
-1.37748
-0.582664
-1.08293
-0.781874
0.140626
-0.0738714
1.62417
-0.127741
-0.266799
-1.13557
0.367724
1.50433
0.128788
-0.440955
-0.626969
-2.33534
0.651744
0.431855
-2.2521
0.939575
0.048971
1.37848
-0.666015
-0.364244
-0.14381
1.28679
-1.64354
-0.339738
0.267835
-0.625649
-0.845928
1.15677
-0.764555
-0.288989
0.645543
0.152514
0.561961
0.590065
-0.693463
0.135498
0.758924
0.0331979
-0.462474
-0.151692
0.340449
-0.131773
-1.45313
0.0720398
-0.40673
0.429685
-0.308881
-0.845591
1.09305
-1.75867
0.658605
-0.0862564
0.448829
1.22691
1.71154
0.678178
1.40847
0.547467
-0.598417
0.0909414
0.0895848
-0.22688
-0.611989
-1.79384
-0.578257
-0.575696
1.5714
-0.516741
-0.427292
-0.153716
-0.755611
-0.216246
0.886029
-1.16392
-1.5712
0.685045
-0.13958
0.385905
-1.23566
0.133872
0.410942
-0.368453
-1.32402
-1.01823
0.529449
-0.791478
-0.40064
0.312372
1.58
-0.910547
-0.157403
0.0495712
0.562677
-0.145246
-0.0355039
-2.38178
-0.201213
-2.08719
-0.656205
-0.887235
0.428252
-0.727198
0.557932
0.397091
-0.553286
-0.536995
1.31779
0.926854
1.70053
1.77561
-0.677163
-0.247123
2.68481
-1.07887
-0.840566
-0.49562
2.0578
-0.859997
1.00011
0.884325
1.44321
0.220236
0.325501
-2.99627
0.121652
-1.66327
-0.576024
-0.334373
0.732108
-0.39355
0.46237
-0.63888
-0.998244
-1.40282
0.635406
-1.2454
-1.43706
0.254429
-1.01774
-2.48024
-0.102694
1.02623
-1.4065
-1.31401
-0.116041
-1.1535
-0.277508
-0.321707
-0.836517
-0.601574
1.21179
1.57413
-0.0296716
0.751396
0.396863
-0.965059
0.135271
0.33943
0.897156
0.571067
-0.441749
-1.33829
-0.195613
1.39116
1.64748
-1.07189
1.31006
-0.265383
-0.179709
-0.85907
0.309441
2.05975
-1.34474
-0.394122
0.995142
-0.235383
-0.728745
-1.23821
-0.637662
-0.881887
0.0417016
-0.162332
-0.26606
0.570007
-0.181065
-1.09398
-0.295418
-0.0426256
0.817185
-1.54737
-0.613814
1.00465
-0.600891
0.806082
0.901215
-0.0953599
-0.827123
0.66974
-1.38292
-0.849306
0.860219
1.16782
-0.797979
-1.13998
0.621386
-0.0343213
1.04256
0.390082
0.581737
-0.167524
1.70833
1.79347
-0.913008
-0.941849
0.354336
0.935353
-0.790651
0.257304
-1.93657
-0.501892
-0.187469
-0.00598271
0.972046
1.13892
-1.89122
0.255952
-0.853489
-0.112609
-1.99587
-0.298549
1.6981
0.313982
2.1088
1.3948
1.51418
-0.859428
-1.85454
-0.579714
1.31205
-1.35689
-0.288293
1.67604
-1.33206
0.684721
0.244562
-2.97695
-0.960329
-1.3463
-0.915215
-0.739744
0.832171
-0.128282
1.16251
-1.25775
-0.30546
1.19148
-1.72787
-0.164312
-0.803794
-0.50005
-0.657061
0.0500577
-0.643431
-0.279055
-0.591772
0.652674
2.11076
-0.749285
0.24966
-0.280915
-0.624062
0.815759
0.553662
-1.29949
-0.356485
-0.217143
1.20336
-0.238237
-0.0378739
-1.18213
-0.755963
0.281064
-1.50369
-1.13568
-2.28587
-0.757845
-1.32172
-1.15139
0.385261
-1.73584
-0.915742
0.475694
0.996866
1.14903
0.508562
-0.397751
0.426628
1.49111
0.0107162
1.25036
-0.372565
-0.14129
1.11773
0.329172
1.35716
0.122624
0.443254
-0.928958
-0.547461
-0.505459
0.201275
0.184972
-0.0608682
1.63087
-1.56526
-1.27722
1.11338
0.87498
-1.10323
-0.466359
0.62474
-1.03936
0.412743
0.436771
-0.734435
-1.1299
0.324131
-1.13873
-0.169961
0.917551
0.644663
0.577721
2.14858
0.778334
0.17223
-1.9618
-0.541697
-2.62489
1.96745
0.77686
0.18168
-0.178393
1.56892
-1.942
1.20848
1.15669
0.145974
1.03088
0.422492
-1.37079
-1.01204
-0.198095
-0.873364
0.0230541
0.777912
0.925462
-2.07284
-1.0919
2.2603
0.381369
1.55155
0.295138
0.742038
-0.645821
-1.04131
-1.06287
0.45689
0.166852
0.0809415
-0.788069
0.789524
-0.404073
-0.267849
0.785995
0.828621
0.317828
1.20056
-1.134
0.171827
-0.862469
0.961328
-0.505693
1.53879
-1.15094
-0.809333
0.159942
1.44014
0.960284
-0.76316
0.229237
-0.0659645
-0.929421
0.579131
-0.181574
-1.60264
0.116415
0.572199
-0.525325
0.304466
0.591583
-0.658762
-0.622476
1.93564
1.24638
0.075857
-0.95149
-0.0379538
0.815205
1.57426
-1.08144
-1.13661
-0.837782
-0.135247
-0.819326
-1.00282
-1.23029
1.29199
-0.794106
0.964174
1.4523
-0.766119
-0.824275
-0.973721
0.760103
1.55515
-0.408296
-0.876198
-0.750589
-1.03923
-1.03678
0.578329
1.00413
-0.327467
-0.55003
-0.740607
0.181655
1.3315
0.376182
0.218246
-1.49387
1.01258
-0.435119
0.907388
0.402024
-1.47662
0.445567
-0.258154
-1.88207
0.778531
0.900937
-0.498745
-0.971387
-0.236902
-0.589544
0.277271
-0.126813
-0.288617
0.249268
-0.527202
0.068487
1.87738
0.369264
-0.144891
-0.981077
0.0211308
0.0651568
0.773039
-1.27435
-0.0686933
-0.932812
-1.20663
-1.27108
0.61584
0.269731
-0.555277
-0.701734
-0.163311
0.0440447
0.900865
-0.455304
0.0805845
0.345551
-1.1875
-0.516501
0.272173
-0.802267
2.44654
-0.672067
-1.88763
-0.360825
0.287188
0.0823368
0.136776
-1.20296
-0.639784
-1.99956
-0.654855
-1.08971
-1.53986
0.621941
-0.705133
-0.282659
-0.305556
1.38667
-0.516767
-1.91319
0.0775376
1.91011
-0.3981
0.049724
1.68756
-1.40766
0.745176
0.0636649
-0.9275
-0.987613
-0.580024
1.45482
0.498582
-0.213482
-0.744644
0.737941
1.52887
-0.260735
-0.850628
0.029822
-0.615906
-0.322598
0.660888
0.135875
-0.248589
-0.103514
-2.45457
-1.59691
-0.300586
0.974731
0.176236
0.82399
-0.880983
0.71321
0.666718
-0.194046
-0.60832
-1.24114
0.357059
-0.301703
-0.175961
-1.89415
-1.65278
0.13995
-0.913195
-0.864883
-0.329253
1.78169
-0.63216
-0.548363
-1.71741
-1.11617
-0.297608
0.689755
-0.376
-1.70209
-0.586706
-1.06181
-0.103983
-0.129913
-1.67198
-1.47347
1.46111
1.40636
-0.69663
-0.619776
-0.195302
-2.60073
-0.847404
-0.62393
1.6389
-0.358852
1.8733
1.17421
-0.536922
1.49246
0.19114
0.770346
-0.213204
0.712076
0.0537342
0.0407117
-0.836124
-0.319759
-0.429943
-0.256921
-0.0523846
0.868412
0.0563762
1.2931
-1.08289
0.571117
-2.4855
-0.0464511
0.00867535
0.516875
-1.16121
0.377149
-0.00154402
-0.0543437
-0.208124
0.225621
-1.96583
2.36553
-0.139718
0.176136
-0.69087
-1.04919
0.187896
0.883278
0.714554
-0.409623
0.239446
0.314499
1.16665
-0.268458
-0.285947
0.716571
-0.158026
-0.439452
-0.247003
0.157788
-0.669315
-0.431547
0.67132
-0.0607315
-0.402977
-0.54518
0.664328
-1.09845
-0.432366
-0.335591
-0.24362
-1.19182
-1.76662
-0.468024
1.30734
1.47326
2.11601
-0.409925
0.637556
0.0847049
1.85988
-0.165258
-0.412785
-1.33404
2.96341
0.848574
0.876524
0.484789
1.47063
-0.897844
0.653177
-0.656973
-1.38041
-0.433471
3.00725
-1.07141
-2.34832
-1.06866
-0.806322
0.407927
-1.17364
-3.18216
0.240916
1.67431
1.39743
0.215391
-1.52802
0.532925
0.283758
1.6885
-0.0660181
0.42919
-0.119726
0.125401
-0.241368
-1.05575
1.5371
0.285491
-0.179169
0.434167
0.342192
-1.07882
-0.242965
-0.748933
0.397061
-0.345174
-2.32849
1.41838
0.0811008
-0.949953
-0.544298
0.850934
-2.01786
0.522461
0.914744
-0.289707
-0.838624
-0.868587
-1.23563
-0.800476
0.287682
-1.18785
1.52466
1.23791
-0.605923
-0.072487
-0.208726
-0.202766
0.748638
-1.24072
0.88777
1.1665
0.130492
-3.1608
0.177608
2.14589
0.065107
-0.0560679
0.0086904
1.04762
0.305539
-1.19491
-0.731105
1.35793
-0.08378
-0.570537
0.374526
0.842418
0.47509
0.43639
-0.311901
0.373052
0.694593
-2.19645
1.61815
-0.334674
-0.0212962
-1.45878
-2.04129
0.641865
-0.693462
1.8727
0.147878
0.789541
0.616085
0.752282
1.17887
0.244025
-0.448991
-0.0851312
0.548399
0.888381
-0.22345
1.72502
1.54115
1.65808
-0.881874
0.177245
1.71697
-0.69464
0.00593743
-0.718418
-0.20942
-0.0853148
-0.623794
0.0156677
1.16846
0.529226
-0.220086
0.025976
-1.06903
1.23928
0.365028
0.585415
0.0893476
-1.31238
-0.672629
0.0650693
-0.761614
-0.874585
-0.0664511
-1.34524
-0.114292
-0.690926
0.74644
0.439864
-1.76276
0.916502
-0.240311
0.758908
0.487448
-0.931222
-1.1028
0.264621
0.76124
0.856094
0.579112
0.686491
-0.3591
1.09103
-0.111062
-0.196113
0.832178
-0.233189
-0.935903
-1.01117
0.280059
-0.850145
-0.327612
-0.836777
-1.3722
1.76208
-1.33347
0.240133
0.818402
0.465708
-0.741785
-1.98745
-0.533049
-0.945887
-0.304565
2.05836
-0.550165
0.454237
-1.03775
-0.730016
-1.09342
0.396484
0.397003
-0.58022
1.65189
1.01517
-0.058815
-0.403229
-0.0952462
-0.146527
0.107526
-0.645294
0.502385
-0.109454
0.475753
0.155259
1.11391
0.925033
0.756801
1.13726
-0.391038
-1.18626
-3.0124
0.827337
0.581948
0.469612
1.39149
1.24676
-0.921948
-1.55182
-0.896562
0.175788
0.917315
0.335777
0.77995
2.48711
1.25206
1.25344
0.0333958
0.456203
0.494216
-0.572346
-0.629595
1.45563
0.373298
0.127307
-0.851786
0.76604
0.164982
0.791433
0.455229
1.64566
0.463609
0.0121865
1.16526
0.355727
-0.573135
-0.676696
-0.0437526
-0.617722
-0.168578
-1.10424
0.844474
-0.0779969
2.2263
-0.257914
-0.874737
-1.43912
-0.300285
-0.0405134
0.156924
0.779819
1.29973
1.78379
-1.0372
-0.0706382
-1.11046
-0.0815341
-1.63133
1.10462
-0.742225
1.41045
0.463711
0.286675
1.27135
0.047363
1.38733
-0.706597
0.357417
0.36053
-3.72546
0.313372
-0.578997
-0.195987
0.587946
-1.23836
-0.253011
-2.07269
0.233188
-0.909336
-1.59638
1.6251
1.3755
-0.935004
-1.64338
-0.417473
0.87461
0.140871
-1.88776
0.326292
0.760346
-1.06377
-0.143472
-1.51609
0.826774
-0.278923
-0.708556
-0.232244
-0.482193
-1.86975
-0.52599
0.435082
0.687711
0.0847798
0.30741
-0.549024
-0.232033
1.38863
1.98962
1.83349
-0.530835
-0.34952
0.084041
1.24433
0.591483
0.643754
-0.622683
-1.27739
0.258942
-0.635578
-0.0353372
0.14219
-0.478908
0.107276
0.0761241
-0.247192
-2.66641
-1.32618
-0.160449
0.274464
0.220022
-0.380137
1.22729
0.549207
0.854585
0.212815
0.912458
0.376836
2.34008
1.20294
-0.247029
-1.21292
-0.70096
1.25951
1.00767
-0.202405
0.179493
-0.215605
0.345991
-0.0482326
0.774701
0.116571
0.185261
1.88203
0.759992
0.320705
-0.106431
0.136012
2.20543
0.791263
-0.546854
0.733208
-0.0770082
0.889532
0.815069
-0.423356
-0.356089
1.02165
0.121656
-1.3481
0.0974832
-0.292609
0.198551
-0.777532
2.01938
0.543256
0.290006
-1.65582
0.737086
0.702368
0.959566
-2.12848
-1.75177
0.284389
0.180955
1.18858
-0.806409
0.294401
1.4808
1.81338
0.830641
-1.69492
1.14812
-0.321996
-0.470214
-0.550622
1.6795
-0.741888
-0.908242
0.572765
1.42466
0.526098
-1.1077
-0.995493
-0.508434
0.473809
0.44951
0.278401
0.434012
1.79264
-1.35473
-0.130569
-0.547894
-0.316873
-0.681199
-1.09046
0.512876
-0.216804
0.208032
0.612531
1.39804
-0.0576513
0.496373
-0.0602512
-0.896574
-1.65024
1.83417
-1.34914
0.275149
-0.496737
-0.341553
-0.607331
0.288483
0.420923
-1.50931
1.30797
-0.00720267
0.698539
0.913361
-0.846837
0.654986
0.227797
0.259438
-1.90943
0.502202
-2.65014
0.628611
-1.40598
0.138207
0.0494845
-0.916413
0.804579
-0.596656
-1.43464
-0.946066
-0.730439
0.798925
-0.904451
0.241626
-0.687727
1.47294
0.520994
0.196608
1.54744
0.251919
-0.933128
0.852213
1.02537
0.465489
0.23908
1.84866
-0.769333
-0.971355
-0.202223
-0.457998
0.685572
1.75296
0.930771
-0.407595
-0.261846
-0.771659
0.549329
1.15683
1.32439
-1.18086
-1.10866
-2.14743
-0.434919
-0.424391
-0.123645
-0.4729
0.142769
-0.0429818
-0.208411
0.0723195
-0.539149
-0.311466
0.395982
-1.19475
-0.842433
1.4624
-1.63767
0.799681
-0.303217
-0.667036
0.0388368
-1.3003
-1.24589
1.77864
-0.127451
-0.250857
1.50265
0.659955
-1.08886
-0.176359
-0.0586615
0.932557
0.874435
1.10811
1.97728
0.257779
-1.39743
0.271341
-1.11106
1.10457
1.18936
0.302325
0.696385
1.17671
1.89498
-0.527484
-1.819
0.926183
-0.267178
-0.473024
1.05364
-1.80931
0.573053
-2.15819
2.30227
0.0551798
0.546072
0.569075
-0.178007
1.76617
-0.143526
2.12371
0.485301
0.246204
-1.17375
-0.232344
0.847759
1.27571
0.0358362
2.41456
-0.594993
0.547312
-0.243271
-0.989209
-0.157022
0.496902
0.0808183
-0.165893
-0.896846
-0.56069
0.0750875
-0.115372
-0.614182
-0.313347
0.545575
-0.746442
-0.778617
-1.3868
-0.184062
0.336999
0.345954
-0.941585
-1.93936
0.818888
0.656674
0.527684
-2.50113
-0.484268
0.358236
-0.388112
0.0566374
-0.358474
0.94219
-1.45459
0.12592
0.531137
-1.55333
0.622912
-0.29371
0.888822
-1.7435
-0.849772
0.193571
1.19967
0.0984898
0.10957
1.119
0.199977
-0.2104
-1.1016
1.54477
0.531626
-0.793302
2.2953
1.10018
-0.281977
-0.771331
-0.468612
-0.0647544
1.69595
0.226203
-0.502115
0.835096
-0.507049
-0.595257
0.23458
-0.332356
0.802535
1.76276
-1.26667
1.36423
-0.478917
-1.98186
-1.29886
0.620022
-0.654123
-1.50742
1.94804
0.311727
0.430653
0.382361
0.842223
-0.241356
-1.65782
0.337881
0.729897
-1.63257
-0.193494
-0.994546
-0.682979
-0.0694314
-0.191969
-0.300182
-0.590805
-0.971836
0.925671
0.692784
1.65972
0.954705
1.17825
-0.0965268
-0.699493
-0.218015
-1.26825
-0.535695
-3.83445
1.84318
1.06811
-0.388871
-0.492606
-1.90182
-0.210761
-1.33671
-0.301948
-0.63946
1.97578
-1.53205
-0.298611
0.825331
0.282556
-1.63448
-1.3062
-0.86618
-0.422909
0.839723
1.07369
-0.948618
-0.488398
1.79766
1.5832
-0.237941
0.518413
-0.304914
-2.04635
-0.450869
0.599419
0.72334
1.05785
-0.950556
-0.928814
-0.374177
-2.02021
0.116484
0.0196321
-1.72461
-0.0115656
1.72912
0.115243
-0.894775
0.194568
1.77693
0.494802
0.731593
1.29996
-1.23987
-0.112283
-0.57628
0.327268
0.893102
-0.414736
0.145614
0.635878
1.31327
1.39921
0.0905492
0.486159
0.133354
0.0935124
0.494835
-0.0187027
0.438715
1.12985
-0.705053
0.0562731
0.608524
-0.512195
1.48349
1.30736
0.739216
0.63475
-1.82581
1.5687
-1.43365
-0.127258
-0.586773
0.738659
0.331364
-0.84045
1.41938
0.736131
-0.362756
-0.630093
0.41478
0.85799
-0.249966
0.0068432
1.38889
-2.19111
0.698258
-1.149
-0.440787
0.268033
0.623537
-1.55219
1.811
1.3999
-0.476346
-0.737841
0.321076
-0.159787
-3.04504
2.39585
1.86329
-1.62414
-0.291075
0.723254
0.747249
-0.127574
0.162473
-0.69686
-1.62645
-0.408442
0.568891
0.0663186
-0.031554
1.47323
1.65907
0.410482
0.0546835
0.810758
1.79044
0.756202
-0.078
0.656692
0.224583
-1.76088
-1.4778
-2.00026
1.6444
-0.366766
-0.0724745
-1.71309
-0.0886887
1.12125
-0.657668
0.0558048
1.53634
-0.797944
0.498195
0.751942
1.2768
-0.295372
-0.348124
0.689822
0.495145
-0.738167
0.252977
-0.0948401
-1.13102
0.770176
0.334267
0.307193
0.166981
0.189134
0.852395
0.109969
0.108658
0.437196
1.0737
-0.496816
-0.670009
0.792766
-0.647921
-0.187656
-0.362846
-0.295515
-0.908806
0.389012
-1.28967
-0.428916
0.88103
-1.87088
-0.152321
-0.601773
0.00905277
-0.354623
-1.14885
-0.936213
-0.889684
0.863271
2.27255
0.909523
0.426966
-1.14232
1.73975
-0.896253
-0.6835
0.29564
-1.83675
-0.744211
-2.06387
-1.59507
1.18254
0.377684
-2.48885
-1.07448
-1.47089
0.386903
-0.0987983
0.557517
1.09861
-0.401161
-1.91341
-1.39411
0.264613
0.797256
-0.196922
0.239236
-0.513349
-1.41889
-0.62577
-0.127031
0.960008
-0.221628
-0.351747
-0.626084
0.00549631
1.84772
-0.980202
0.479852
-0.768481
-2.00715
1.37599
0.368517
1.42432
-0.729922
-0.62804
1.20445
1.22441
-0.154478
0.500423
0.796132
0.579698
-2.3604
-0.297767
-0.632935
-0.894624
-0.472382
-1.10733
-1.51229
-1.15164
-1.34524
0.704288
-0.142697
-0.559673
-1.28148
-1.34812
-0.084994
0.720803
-0.470404
0.711533
-1.42112
0.797954
-0.546902
-0.0343122
0.727769
0.167091
0.402931
0.823837
-0.551369
-0.308532
0.126938
1.77212
0.0584139
0.831559
-1.44461
0.579938
-1.06233
1.12397
0.92257
1.66607
0.237912
-0.560668
-0.389449
-0.360773
0.210739
1.20337
-0.402369
-1.94824
-0.594214
-1.37072
-0.491912
0.0415228
-1.78119
0.177694
-0.235232
0.0695906
-1.0303
0.0170269
0.412833
0.440232
-0.264134
0.71981
-0.301564
-0.932534
0.842399
0.126901
1.62827
-0.144666
0.506764
0.391851
-0.323386
-0.572917
0.0752309
0.806617
1.66607
-0.823081
1.74379
-0.608914
-0.604038
-0.624275
0.363296
-0.567737
-0.682566
-2.25138
-1.09045
-0.483027
1.07115
1.5892
0.850645
0.434994
-0.826293
-0.223098
-0.559527
2.17611
0.16094
-1.85121
0.427923
0.206896
1.17306
1.25158
-1.58259
-0.98755
-0.284572
0.252163
-0.543344
0.00863089
-1.10608
0.614966
-1.57899
-0.974357
-0.458572
-0.976926
0.745508
-1.35373
1.06419
-1.72665
-0.466404
1.16513
0.329162
1.0039
-0.439579
-1.09513
0.732416
-0.702887
0.666551
-0.455674
-0.518871
0.751748
0.461015
0.521111
0.388967
0.984316
1.42831
-0.735873
-0.149228
-0.887853
1.32284
1.64715
-0.190656
0.973065
-1.20961
0.30173
2.48349
0.692021
1.89611
2.44121
0.318769
0.276416
0.268924
0.00899518
-0.568368
-1.35119
-0.931554
0.571552
-1.48219
0.0405033
-0.164364
0.117744
0.132057
0.0253861
1.46311
1.31064
2.46147
0.106551
-0.742656
-0.250088
-1.55568
0.990331
0.974108
0.0791567
-0.862234
1.11368
-0.337839
-0.615856
-0.386267
0.635593
-1.07438
-0.407425
-0.251735
1.73551
0.450482
-0.760439
1.49839
-0.621771
-0.736885
-0.352397
-0.149163
0.347438
0.852942
-0.8561
0.504318
-1.33278
-1.06321
0.501975
0.437476
1.25518
1.2104
0.439648
0.866487
1.02682
0.834478
0.578416
-0.519007
0.01466
-0.776116
-0.402038
-1.95466
1.16223
0.347168
1.08826
0.30828
0.599969
0.0839842
-1.49942
-1.82277
0.61838
1.44982
0.353105
-1.5898
-0.335726
-0.162185
0.22213
0.572404
-1.32961
-1.40321
-1.01373
-0.201831
-0.966868
-0.737509
-0.240326
0.851088
0.619534
1.53015
-1.19399
-1.53972
-0.714092
0.591809
0.542679
0.659244
1.30254
0.172955
0.507744
-0.18041
-1.15632
0.680099
0.253253
-2.20294
-0.855087
-0.819761
1.57699
0.842093
-0.327981
-0.425631
-2.41967
-0.695239
0.34867
-0.679366
1.25188
1.04498
1.2112
0.639444
0.717905
0.233741
-1.62737
-0.956946
0.952001
1.43407
-0.260023
2.0324
-0.138555
-0.814221
-1.10006
0.00194753
-0.358634
-1.05398
-0.55031
-0.611253
1.66373
-0.194441
-2.11378
0.715257
0.723262
0.759809
0.110103
-0.898895
-0.0958876
-0.400343
-0.0203616
2.07773
0.917314
0.492846
-1.6225
0.119901
-1.22431
0.613964
-0.461678
1.17238
-0.31808
-0.0747556
-0.628727
-0.268087
0.403292
-0.551627
0.212365
-0.587016
-0.438188
0.132249
0.210325
0.0518527
-0.516193
-0.710241
0.418748
2.24041
-0.192274
-0.63797
-1.29835
-0.907433
-1.12272
-0.838388
-1.29278
1.33206
0.328511
1.18511
0.330936
-1.48003
1.97908
-1.49083
0.150437
-1.82099
0.667663
-0.262291
0.465023
0.0233151
-0.896815
0.518804
-0.752441
-0.308689
-1.78403
1.02504
1.45857
0.330813
-1.93085
1.22914
-0.807513
-0.485946
1.48431
0.113261
1.55815
-0.224492
-1.74559
0.585768
-0.610115
-0.960749
1.06378
0.756074
1.1204
-1.44163
-0.070398
1.90159
0.648129
1.09159
0.43928
-0.074068
-0.96287
-1.11166
-0.386524
-0.839019
1.80146
0.263393
0.20609
-0.439284
-0.23647
-0.667228
0.186205
-0.270536
-0.286413
-1.16017
0.421478
0.285249
1.28547
-0.548548
0.976001
0.381972
-0.219494
-0.32255
-1.61796
0.582026
-0.386507
0.537085
1.03378
1.62647
-1.27527
0.274727
1.25566
1.0792
-0.312833
0.11505
1.11761
0.0628547
-1.13684
2.03624
-0.027006
-1.86173
-1.58262
0.988413
0.0210613
-0.649452
-0.749423
1.01664
-0.858332
-1.12518
-0.778348
0.381421
0.0095041
-0.997084
0.138935
0.819697
-0.646153
-2.47585
1.17583
0.0707879
1.27175
-2.65465
-0.509619
1.24274
-0.566011
1.03316
0.0307896
0.982797
0.478766
0.570142
1.41623
3.29267
-1.6294
1.05863
-0.136815
0.517395
-0.346465
0.497915
-2.00834
-0.0547178
1.01828
-0.728036
-0.308208
-2.76178
-2.03052
-0.886906
-1.23831
0.0329669
0.568812
-1.03711
0.843792
0.204087
-0.798683
0.312646
-0.0463028
-0.705724
-0.725889
-0.701096
-0.378732
-0.281453
-0.0488499
0.154754
0.825604
-1.22311
-0.132907
0.363996
-0.960262
0.79205
0.531578
-0.963756
-0.00280131
-0.455016
-0.550398
-1.09184
0.384284
0.514099
-1.01503
1.8251
1.06382
-0.102376
-0.686028
1.22755
1.3587
-0.868894
-0.393283
-0.23829
-0.790966
-0.687054
0.0991737
-0.0728231
-1.24974
1.57558
-0.945152
1.86556
0.741208
-0.732209
-1.67118
0.332357
0.00435529
0.135439
-0.356991
1.0474
-0.240133
0.925486
-0.520001
0.0190504
0.980567
0.172619
0.284211
-0.033309
0.204174
1.15798
0.329676
-0.532951
0.166285
2.51975
0.995662
-0.231804
-0.44685
0.503593
-0.724018
1.13465
0.51393
0.865486
-0.903345
-0.615933
0.250485
1.07823
-0.394734
0.0411392
-0.0302191
0.208575
0.841372
0.473074
-1.21886
1.34401
-0.143569
1.49611
0.020969
-0.149868
0.185672
-1.21343
-0.101677
0.882649
-1.33977
-0.791781
0.0645416
2.05384
-0.823987
0.690156
-0.183126
-1.16823
-0.307244
1.34529
1.47437
0.680277
1.05701
0.805774
-1.08139
0.851727
-0.382294
-0.90711
0.557135
-1.68994
-0.204175
1.20935
0.920113
0.454058
0.0639946
-0.125876
-0.601762
0.412209
0.668744
0.561339
1.2699
0.450141
0.555833
-1.13433
1.08913
-0.489868
-0.0159394
0.0345691
-1.91351
0.164202
0.724748
-0.996202
0.231664
-2.04259
-0.362053
-0.0665828
0.322386
0.451169
0.65403
-2.4213
0.403699
0.518456
-0.307898
0.321214
2.64493
1.1728
0.701729
0.450468
-0.394409
-0.238448
1.92632
-1.54847
-0.920957
0.406674
-0.64426
-0.387005
0.440835
-0.497612
-1.02423
0.166684
-0.517356
1.40001
-0.663978
0.129183
-0.22527
0.00399831
0.448052
1.3514
-0.528047
0.133559
-0.0310798
0.334496
0.500712
-0.0340214
0.0293109
1.18725
0.142122
-0.181386
-0.749273
-1.26744
-0.206381
-1.55522
-0.335135
-1.3476
1.11291
1.18086
0.777551
-0.155391
-2.47747
-0.752182
-1.01645
-1.23647
-0.0210392
1.09367
0.146208
2.10864
-0.11173
-0.665503
-0.205732
-0.157725
-0.291809
0.26851
0.316825
0.207303
0.404811
-0.941195
1.09477
-0.157878
0.76159
0.722795
0.952934
-0.0608688
-0.468489
0.60584
1.02414
0.511127
0.375595
-0.050703
-0.567944
0.688297
-1.11191
0.103453
-1.69142
0.588466
0.958597
-0.338168
1.67657
0.604384
1.01749
0.703169
1.4637
-1.322
-1.68836
0.243738
1.1367
1.31186
0.86905
0.130335
-1.8805
0.264255
-0.213461
0.458603
-2.03795
1.03586
0.606717
1.39392
0.438362
1.42708
-0.926889
-1.09686
1.7497
-0.111755
0.0446435
-0.556508
-0.787858
0.444285
-0.92378
0.103259
1.12004
-0.116554
1.16332
1.87136
-0.957332
0.313892
0.261077
-1.4089
-0.0801686
1.06324
1.35794
-0.114837
-2.18437
0.6935
-0.944327
-0.209813
1.29186
1.14081
0.927139
-0.672839
-1.14505
-0.0723125
-0.295129
1.15005
-0.749756
0.551517
-0.191243
-2.46271
1.20197
-0.0880651
0.542271
1.7267
-1.2269
-0.515956
0.0493288
0.707066
0.288911
-0.266692
-0.185767
1.42734
-0.0596706
-1.53666
-1.47139
-0.072406
0.322169
-0.501971
0.775157
0.161616
0.840158
0.806426
-1.74028
-0.278396
0.780663
0.0564996
0.269324
0.981139
-0.61006
1.65745
1.15942
0.0130659
-1.28804
-0.772224
1.50133
-1.66554
0.790591
-1.71387
0.0941478
1.8332
0.986036
0.0983613
0.0168354
1.01907
0.756482
-1.56073
0.315211
0.109412
-0.359119
0.185047
-0.822359
-0.532387
-0.632675
0.380964
0.46852
0.285353
0.400154
0.630457
0.179788
0.122906
0.52054
1.82639
-0.224217
0.443055
-0.928628
-0.912256
-0.122526
-1.25692
-0.969212
-0.540192
-0.918562
-1.09769
0.560509
1.02081
-1.00376
-0.487695
0.616686
1.50374
0.483564
0.538614
-0.879125
-0.353635
2.11121
-0.732269
-0.342416
1.22071
0.68049
0.264837
-1.00289
1.21807
-0.886225
-0.409807
0.701006
-0.0934317
1.32777
-0.156746
-1.20739
-1.03443
-0.262414
0.270795
2.04466
0.548272
1.04983
0.0469126
-0.347941
-0.393489
0.682633
1.70671
0.0129593
0.484281
0.511151
-0.67234
-1.33676
0.121763
-2.49703
0.923448
-1.16494
1.17328
-0.830595
1.05866
1.4686
0.544299
-2.24753
1.33544
-0.33582
0.718536
-0.0900566
0.942203
-0.268911
-1.50771
0.20112
-0.814729
-0.57001
-0.000704913
-0.505118
0.625393
-1.20009
-0.742249
0.5635
1.03525
-0.918037
0.295503
1.19349
-0.453884
0.953124
-0.522056
-1.8064
2.97561
0.247488
0.535806
1.90598
1.09341
0.203527
-0.159237
-0.184888
0.456303
-0.675732
-0.622552
1.18861
0.444077
1.263
0.603122
-0.0457278
1.20436
0.0018286
-0.0404121
-0.349715
0.592884
-1.04441
2.08709
-1.79897
1.36876
-0.269303
1.79491
-0.165509
-0.510727
-0.57856
-0.372103
-0.281633
-0.768302
-0.432591
0.623514
-0.323352
-1.20349
-2.05306
-1.00916
1.33124
1.40155
-0.866067
-0.844809
0.463646
0.748403
0.0541422
-0.0304176
-0.854135
1.1802
1.07269
2.1484
-0.479778
-1.35651
-1.64989
-0.260558
0.0279443
-1.15919
-1.25338
-0.51312
-0.687756
-0.617248
-2.76794
0.417331
0.574729
2.43251
-0.0100132
0.991783
-1.06785
-0.269512
1.66029
1.51274
-1.09908
0.28856
-0.00826837
1.56123
1.54193
-1.83388
-1.48849
-0.311618
-1.52308
0.426053
-0.791226
0.442947
0.496375
-1.0287
-0.114601
-0.91969
-0.339084
-1.64459
0.973721
1.5624
0.686871
0.672164
1.44395
0.0767139
-0.255418
0.166141
1.90256
0.260223
0.571724
0.994077
0.228521
-1.54257
0.387759
-0.345138
0.325814
-0.484491
1.28142
-0.155451
-0.91156
-1.92162
-0.461918
-1.537
0.409523
1.10476
-1.62353
-0.794309
0.208849
1.02811
0.658341
-0.899498
-0.991952
-0.491335
-2.16525
0.699774
0.289021
-0.330627
0.708411
-0.459113
-0.989991
-1.37951
0.0797537
0.599166
1.78658
0.886117
0.945939
1.92236
1.76197
0.634719
0.434753
0.0720195
-0.476104
-0.349241
0.394414
0.621084
-0.0654545
0.181467
1.14479
-0.526355
0.0649387
-0.129595
2.20874
1.62191
-0.00739778
0.50383
-0.619317
-0.123116
-0.549156
-0.593069
0.901433
0.987591
1.23002
-0.987232
-0.57163
0.479459
0.563408
-1.51037
-1.26854
-0.111721
0.486003
-0.988277
0.456406
1.55053
0.06985
0.738395
-1.42234
1.44569
-1.06787
-1.50401
3.44534
-1.07715
-0.176953
0.763943
-1.06505
1.0001
1.06113
1.40416
-0.193794
-0.304627
-0.286704
-0.244839
0.281339
0.395893
0.513918
-1.80386
-0.374875
0.869401
-1.51954
-0.929997
-0.802486
-0.0835441
-0.024723
-0.30749
-0.697927
0.802141
-0.901788
-0.465794
0.553168
-0.580895
-0.407267
-0.965501
-0.865198
0.338563
0.805743
0.296225
-0.0588999
1.36287
0.139089
0.495288
-0.279476
1.06704
-0.0559531
-0.561029
-1.37043
0.661495
1.0747
-0.791174
0.5361
-0.615845
0.726516
-0.124887
1.41549
-0.289719
-0.205871
-0.265396
-0.328544
-0.98219
-0.47595
1.362
0.619481
1.53712
-1.82019
-1.43668
-1.42186
-0.355501
1.78942
0.203788
0.349909
0.587347
0.0287811
-0.54736
1.60925
0.823487
-0.436183
1.22976
-0.0994454
-0.371769
1.26466
0.299536
-1.12205
-1.74605
-0.0562422
0.760673
-0.648662
-1.25552
-1.12305
0.316347
-1.84188
2.7113
-0.00465357
0.504908
-0.114847
0.343843
0.816213
-0.0221038
-1.24073
0.393418
0.0136592
0.275605
1.48098
0.290419
-0.412807
0.471472
0.288203
-0.907409
0.667611
1.86236
-0.762693
-0.153746
0.309861
2.79434
-0.247592
0.744642
-0.817274
0.732717
-0.1307
2.30355
-2.58768
-0.247321
-1.52669
-1.88892
-1.77788
-0.0365366
1.32345
0.54536
0.187562
-0.229354
1.55771
1.01712
0.21658
0.144035
-0.14266
0.0752659
-0.7291
-2.16239
-1.27974
0.753283
0.823368
0.515599
-0.524696
1.18684
-0.397403
0.864904
-1.1269
-1.07199
0.176571
1.35359
0.480373
-0.882159
-0.0970546
-0.432324
-0.4102
0.618631
-1.16032
0.525698
0.871597
-1.651
-0.0606003
1.02262
0.538947
-0.26703
-0.0828508
0.90539
0.710934
0.550749
1.69956
-0.482826
-0.782978
-0.382273
-0.791776
0.451098
0.464526
-0.713997
-0.475705
0.410849
-0.625709
-0.880621
0.808963
-1.95462
-0.805131
1.9017
0.772607
-2.00373
2.21413
0.483389
-0.207262
-0.610091
0.602929
-0.709067
-1.16498
-0.111142
-2.04054
-1.03076
0.603623
-1.20243
0.626837
1.25583
1.9875
1.48813
0.512215
0.070517
1.14928
-1.56721
1.14487
-1.14037
0.605803
-0.879676
-0.553026
-0.320279
-2.72957
1.53411
0.451742
0.228143
-0.21136
1.03679
0.97616
-0.525752
2.41276
0.765723
1.0172
0.263772
-0.0568195
0.101636
-0.570684
0.603614
0.729145
0.619242
-0.520735
0.148221
-0.193267
-0.459835
-0.452636
1.95376
0.783135
1.90899
1.01982
-0.37905
0.510936
0.0183791
-0.74643
0.177768
1.7161
1.59871
-0.49672
-0.20599
0.196649
-0.242687
-0.99084
0.484153
-2.42996
-0.0623465
-1.36547
-0.439837
-0.580381
1.76481
-0.889025
0.690359
1.7676
2.17349
0.937
0.738832
-0.846121
-0.38123
-0.190185
-0.677491
-1.50319
0.874376
1.26658
-0.602176
2.50006
0.492765
-0.22542
0.360185
-0.376286
0.892365
2.32058
0.253853
-0.817047
0.268564
-0.21415
-1.0104
-1.16672
1.30639
-0.104457
-0.96061
0.990096
0.00865523
-1.52632
0.356678
0.136182
-1.22072
0.713913
-0.341605
-0.892413
1.01368
-0.00445902
-0.613981
-0.466815
0.144663
-1.32036
1.23386
0.275808
1.67013
-1.13944
-0.0772465
-0.917177
0.867522
0.144796
0.889743
-1.57761
1.83288
-0.878495
-1.57504
0.0596146
1.29088
1.58164
-0.458669
0.440547
-0.857467
0.818446
0.249527
0.304603
0.160794
-0.451756
1.05535
0.333438
1.545
1.00734
-1.33764
0.604573
0.601792
0.499902
-0.152447
-0.373381
-1.27445
-0.832163
0.569821
1.18154
-0.742598
-0.9404
0.439272
0.787991
-0.0577202
1.37856
-1.22841
-0.209388
-0.472758
0.274021
0.0756093
1.55629
-1.21534
-1.06012
1.16317
0.0200228
-1.80604
0.268237
-0.280131
-0.165573
-0.280221
0.290582
-1.55355
1.02366
1.1512
-0.769775
1.44622
0.979355
0.779476
1.23853
0.850014
0.123507
-0.683924
1.17977
0.0965265
0.906222
1.63315
-0.489372
-0.0567379
-0.724276
-0.517517
-0.704408
1.02026
-0.453089
-0.842339
0.559723
-0.60186
1.37465
0.37399
0.399905
-0.724612
0.535846
1.38415
1.20596
1.26764
0.591136
-0.452567
-0.360503
0.375707
0.711422
-0.216765
0.0862728
1.13823
-1.24548
-0.0190928
-0.401132
-0.613181
0.718948
0.199552
0.628867
0.725142
0.619039
1.38161
0.0134493
-0.41849
0.726504
0.946267
0.698831
1.07041
0.646007
-2.58639
1.49221
-1.3146
0.916773
1.2753
-1.39869
-1.25148
2.39483
-0.0145701
-0.682253
-0.642496
0.938911
0.485761
0.0985358
0.0718596
-1.88075
-0.878828
-1.55846
0.0132184
-0.660737
1.62889
-1.4334
-1.43109
-1.60001
-1.00691
-0.965367
-1.17459
-0.248692
0.177023
1.37745
1.06647
0.709502
-0.702865
0.343139
0.0333318
-0.498688
0.983764
-1.52066
1.015
-0.867757
1.59104
0.0927708
1.44139
-0.539506
1.42057
1.61087
-0.575047
-1.05132
-0.241621
-0.717876
0.563703
0.508933
0.578523
-0.495082
-1.03608
0.561292
0.950955
-0.990822
0.478832
0.0293012
-0.417417
-0.930322
-0.505468
-0.149558
1.51179
1.33956
-0.824466
-0.173637
1.17453
-0.380703
-1.91728
-0.035744
-0.207633
-0.482863
0.0967753
0.0635944
-1.42611
1.15842
0.153469
-0.934319
0.711397
-2.02652
-1.51434
-0.101278
0.300091
0.158914
0.377996
-0.588156
0.475609
0.699763
-0.373686
0.181575
1.0044
0.392598
0.7365
0.51132
2.05001
0.267585
0.0395891
-0.16103
-0.42385
-0.22893
0.625727
-0.248732
0.0294842
0.0727682
0.188516
0.260046
1.29086
0.852747
0.332029
0.692451
1.25531
-0.395395
-0.708436
-1.46311
-0.640286
-2.15319
1.5456
-1.25883
-0.981858
-1.7724
0.1963
1.39964
1.17217
-0.0637265
-1.48303
2.20449
-1.49085
-0.0691804
-0.188552
-1.43857
1.14171
-1.75572
0.32481
-0.155125
0.416155
-1.09183
2.49176
-0.588281
-0.63176
-0.436843
-0.546255
-0.309695
-0.853068
-0.970631
-0.775053
-1.84345
-1.52005
-0.601353
-0.0755791
0.210111
-1.4767
-0.663117
-0.173599
-0.490626
-0.0161272
0.279695
0.768269
0.390633
0.692636
0.0443263
0.24212
-1.179
0.386897
-1.64844
1.30694
0.973898
-0.194679
0.313467
-0.559399
-0.094859
0.738773
2.11019
-0.194783
-0.1159
1.02387
-2.02162
0.0913368
0.862259
-1.16732
1.9161
-0.425831
-0.900494
-1.55199
-0.906077
-0.0411988
-0.145803
0.21359
-0.530126
-0.11029
-2.0204
0.37791
0.0323059
0.466211
2.23369
0.984695
0.63358
0.216513
0.123441
0.439093
-2.04257
-2.30701
0.958748
0.639666
-0.241404
-0.590836
-0.102881
-1.20649
-0.318545
0.595555
-2.74451
1.43512
0.998955
-1.05407
1.04587
1.40881
-0.165225
1.07307
-1.50852
-0.591718
-0.986606
-2.46805
0.557457
-0.441976
0.409584
-1.13717
-1.5336
-0.895639
-1.31114
0.854796
-0.0112048
0.523231
0.48258
1.5064
-2.34411
1.00191
-0.90724
-0.215507
1.65103
-0.873623
-1.18663
-2.35438
-0.515178
-1.6314
0.750916
-1.17963
-0.511296
0.268082
-0.96468
1.8327
-1.42049
0.114455
-0.680978
0.0262612
0.488462
0.267906
0.17432
-0.0578343
-0.277346
-3.05227
0.11176
0.467172
-1.20333
0.100637
0.87744
0.350096
0.355231
-0.152585
1.84565
0.234872
2.25584
1.3689
0.207583
1.07743
0.0204033
1.48703
0.815364
0.2319
0.290943
0.789674
-0.386186
-1.8893
0.971391
1.28858
-1.06672
-0.605419
-1.14252
-0.818491
-1.12212
1.58159
-0.234857
-0.925484
0.754198
-0.363538
1.37995
0.500528
-0.351859
1.46207
-0.0983142
0.030905
-0.84345
-0.221788
-1.38111
0.251939
-0.95043
-0.766537
0.372663
0.0545471
1.09286
-0.342256
0.251981
0.791225
-0.190884
-0.353927
-0.0975044
-1.24728
0.46893
-1.06193
0.229519
-1.73191
0.19587
-1.40868
-0.504457
-0.607676
-0.794081
2.08072
-0.241116
-0.550684
0.805393
-0.944326
0.828423
-0.83322
1.43902
-0.131788
0.252648
0.598728
-0.667093
0.00705039
-0.138275
-1.48737
-1.0322
-1.26004
-0.762349
-0.0113158
-1.03536
0.860311
-0.149386
0.506617
-1.04268
-0.253082
-0.0898124
1.04823
-0.277704
0.438763
1.49697
1.20653
-1.77879
-1.9439
0.246705
0.0930272
-1.24412
0.462834
-0.608441
-0.0636342
0.839157
0.504493
-0.310893
1.84054
0.0757911
-0.859419
-1.11005
0.407668
-0.866925
-2.06232
0.433122
-1.50272
-1.36346
0.246269
1.851
0.83171
-1.10013
-1.97521
1.40535
-0.117921
-0.138949
0.201757
-0.685642
-0.821252
1.25267
-1.58808
-1.1301
0.118352
-0.889161
-0.993429
-0.523594
0.163708
1.06856
0.942018
1.43451
-0.796417
-1.09072
0.5048
1.58857
-1.65154
1.90416
-2.63952
-0.0585157
0.495612
1.03212
-0.0267077
2.37111
0.0342506
-1.83426
0.625406
0.0690928
-1.52285
-0.325589
0.88696
-0.696866
-1.64852
-1.02362
-0.816253
0.244285
-0.726964
-0.15106
0.511048
-0.0388818
-0.950018
1.56515
1.57392
0.306248
-1.35788
0.607937
-0.474505
-0.20698
-0.397955
0.314874
-0.980648
0.280448
0.0958477
1.15911
0.178038
0.315949
-0.444696
0.54216
0.0752331
0.023184
0.655651
0.631014
-0.309705
-0.522726
-0.540395
-0.863576
0.507851
-1.89707
-0.177098
-1.82589
0.0727498
-0.509376
1.24017
0.169024
0.410405
-0.190525
-0.108135
0.60141
0.171241
-1.08668
1.95415
0.036952
0.718178
0.670254
-0.262767
1.96844
-0.799515
-1.97556
0.119016
1.16481
1.88332
-0.00969739
-1.42189
-0.93269
1.14134
0.819508
-0.129315
1.74369
-0.451084
-0.101166
0.309723
0.796438
0.563295
0.373258
-0.476922
-0.542942
-0.960231
0.574452
1.44304
0.637179
-0.128884
0.554792
1.02144
0.0110457
0.220877
1.54502
0.234884
-1.0302
-0.462351
1.0856
-1.15609
0.583655
-0.790879
-0.210175
-0.266639
-1.77323
1.14146
0.14573
2.06953
-1.23275
-0.240565
1.14802
-0.0721333
-0.924865
0.799638
-0.868168
-0.237966
0.160932
-1.033
-0.628015
0.580081
1.2608
0.7854
-0.735526
0.863029
0.552702
-0.457369
2.01404
-1.27749
-0.172196
-1.50573
1.36207
-1.08911
0.419962
1.18292
-0.235306
-1.06907
0.60005
-0.640439
-0.2399
0.957345
-0.0170668
-0.831452
-1.22445
1.44669
0.220538
2.05642
-1.06798
-0.838125
-0.133121
0.50076
-1.46074
-0.0612565
-0.436984
-0.39592
2.60697
-0.70839
0.32312
1.01027
-1.78443
-0.777635
0.85505
0.939942
0.594493
-1.08911
0.0626664
-1.29294
1.54189
-0.10189
2.2422
-1.2265
-0.343454
0.431263
-1.35885
0.595812
1.42038
-0.50197
0.149231
-2.34693
-0.871587
-0.460943
-0.0553897
-0.397356
0.410733
1.27335
-0.730122
-1.74024
0.316343
0.879768
-1.06333
-0.350557
0.809839
-0.298757
-0.992947
0.355225
-0.714596
-0.0840354
-0.108203
0.404978
0.98115
-0.43799
0.147873
1.57683
-0.87119
0.696683
-0.560466
1.3236
0.33607
-0.414873
-1.2844
0.499119
0.194056
-2.15065
1.18578
-0.594153
0.201237
-0.253208
-0.759582
-1.23962
1.05428
-1.10538
0.434956
0.00163957
-0.938011
0.138675
0.0585227
-0.94636
-0.438643
1.30508
0.798891
-0.833382
-0.34218
-0.400186
-0.0607088
-0.985859
-1.68653
-0.520579
-0.169272
-1.24366
0.323363
0.606323
0.0265728
-0.445358
0.346374
2.97608
0.310252
-0.242115
-1.22936
1.40612
-1.64281
1.43224
-1.24644
-1.19788
-0.114445
-0.666599
1.43668
-0.135334
1.52081
1.24526
-1.26812
0.230035
-0.0436011
0.668498
-0.200457
0.782518
0.485063
-0.28487
-0.730231
-0.0486053
1.96849
0.36001
-1.53534
-0.828008
-0.818927
-0.178204
0.384136
-1.26252
0.292923
-0.0836732
2.34554
-0.280219
-2.6276
0.578573
0.441816
0.603251
0.00822689
1.54766
-1.25687
1.16851
-0.641733
0.950545
1.26966
-1.28299
0.269796
1.32868
-1.07774
-0.120799
-0.688792
1.0943
0.926969
-1.64856
-0.865641
-0.948765
-0.617544
-0.792195
-0.199817
1.46423
-0.664395
1.05026
-1.6045
-0.86942
1.21438
-0.532227
0.236865
0.358073
0.361765
-0.967007
1.06604
0.914423
0.130248
0.0343854
-1.32562
0.854216
-0.660536
0.195257
-0.485691
-0.354243
1.46592
-0.0146272
0.50611
0.245561
-0.221547
-1.37661
0.126419
-1.06168
1.05823
-0.443922
-0.180227
-0.93332
0.416892
0.73932
1.26807
-1.11282
-0.762319
0.715635
0.0548616
-1.13566
0.360308
0.714991
-1.35583
-1.20402
0.0918369
0.301023
-0.310765
-1.42877
0.301793
0.0489715
0.201158
-0.797315
0.0951024
-2.07513
-0.923354
-0.867024
0.106681
0.627266
0.686178
-0.0311465
-0.344424
-2.09745
-0.96527
-0.346692
0.73797
1.6353
0.496732
-0.810044
1.7717
1.55037
-1.13395
1.79503
-0.74513
-0.0943154
0.595036
-1.21587
0.685742
0.940217
0.435578
-1.29568
1.56352
0.109
0.468898
2.38496
0.0583222
-1.55259
-0.75906
-0.789753
0.844663
-1.35784
0.749535
-1.42988
-0.150267
-1.17097
0.763854
-0.6092
0.819027
0.437765
0.221741
0.620024
0.756254
-0.0688147
0.508773
0.922983
-1.74367
-0.765328
-0.579165
-1.36958
1.09872
-0.836808
-0.435408
0.618545
0.534623
1.28842
0.0786563
0.877773
1.38215
-1.25248
-0.954904
-2.43761
1.07503
-0.629484
2.05103
0.19688
2.09273
1.14559
1.45322
0.518131
0.461007
0.25345
2.53541
-1.56385
0.561255
-1.16891
0.559728
-0.675293
0.0835653
0.250938
-0.867085
0.461005
1.49809
0.193487
1.63057
-1.48414
1.10537
-0.136378
1.07515
-0.54192
-2.39839
-0.370005
-0.0232069
-2.01342
0.835412
0.824822
-0.0918854
-0.954004
1.03037
-1.22302
1.05618
1.30177
-0.28031
0.270702
0.772742
0.124842
0.10958
0.00745427
-0.456979
0.898748
-1.00447
-1.63446
-1.00872
0.754551
-0.754691
-0.00543366
1.28651
-3.22884
1.07923
-0.460258
1.80785
0.185711
0.590704
-1.17502
-0.708869
-0.495187
-0.46039
2.25017
2.23678
0.697708
0.944886
2.16651
1.27269
-0.583247
-0.322759
0.229106
0.96559
0.390424
0.711549
0.37901
-1.07428
-0.637598
-0.983292
0.22579
-0.204399
0.275338
-0.489147
0.446511
-1.03153
1.49911
-0.492017
0.960063
1.20613
1.31161
1.21414
-1.24566
-2.00696
0.787201
1.19369
0.459717
-1.24844
0.990389
-1.38941
-0.73271
-0.0571983
0.0353794
0.175026
-0.355024
0.168569
-0.972488
0.825002
-0.161935
-0.159298
1.38268
-0.598018
0.0816245
1.48823
0.742714
0.316508
1.49156
0.10874
0.741656
-0.206662
0.730002
-0.211522
0.0162989
0.281883
0.0473632
-1.01205
1.8934
-0.623251
0.0382846
-1.11297
0.575222
0.789515
1.92269
-0.122107
-0.457648
-0.882642
0.013423
0.340092
-0.050004
-1.10314
0.504579
0.871306
0.804164
0.0833712
-1.06877
-1.38396
0.797697
1.14723
2.54566
-0.974762
0.927621
-1.5937
1.73759
-0.306917
0.240093
0.0899848
0.812788
-0.102838
-0.0611117
0.711105
0.0930471
0.451698
-0.422488
0.103396
-0.500426
-0.241132
-1.78975
-2.78815
0.467797
-0.213589
-0.651403
-1.62789
0.201598
1.89806
-0.24237
0.847852
1.02395
-0.309888
-0.445498
-0.0674827
0.692312
-0.133818
0.0784141
-1.14878
-0.130559
-0.228614
0.995074
-1.55303
0.494002
-0.691244
-1.37247
-0.13126
-0.117843
-0.453124
0.148723
0.759548
1.38634
-1.5473
0.538772
0.0413833
0.178244
1.43673
0.710996
-1.06157
0.591314
-0.838367
-0.130442
-0.905651
0.527273
1.47349
0.0726049
0.378376
-0.787934
-0.618723
0.0548438
0.776006
0.720712
0.113661
-1.20246
0.863292
-0.414295
-0.531787
0.67243
1.49926
1.97475
0.927679
-0.915109
0.632307
-0.97905
-0.883911
1.12078
1.83709
2.28657
1.25132
0.722482
-0.375615
0.315274
0.491467
0.484973
0.368702
-0.762288
-0.681873
0.739623
0.568629
-0.516839
0.367172
0.279495
0.106753
-0.206204
-1.08364
-0.457633
-0.0691982
0.985475
-0.577867
-0.822983
1.92197
-0.572769
-0.217342
1.10236
1.89532
0.290229
-1.49894
-1.4379
-0.0278287
0.774947
0.298717
-0.233176
1.88684
-0.811927
0.104748
-0.221587
1.15173
0.362861
-0.0193042
1.48456
-1.16923
1.22268
-0.158983
0.0801724
-0.914838
0.601819
-1.19422
-0.1958
-0.48634
0.86037
-0.654064
-0.720505
1.20057
0.597817
-0.914863
-0.156099
1.74152
-0.419835
1.13402
1.12787
0.190028
0.52415
-0.683829
-1.40112
0.689808
0.598992
0.498179
1.9681
-0.538493
0.132886
-0.179495
0.261617
0.00154095
-0.720807
1.1855
-0.700032
-0.151051
0.686823
1.32081
1.17335
0.0107879
-1.35262
1.13265
0.712285
0.00333034
-0.441148
-0.171422
0.818973
-1.29563
-0.546533
0.761254
0.165654
-0.437057
-0.568974
-1.19988
1.738
0.665497
-0.36134
0.815248
-0.788811
0.309924
-1.11647
-1.28761
-1.64102
-0.749459
-0.500927
-0.867248
0.227081
0.368663
-0.357036
1.88817
-0.257787
-0.854171
1.61377
-1.61721
-0.19146
-0.567746
1.13691
-0.20278
-1.47457
0.233273
-0.406333
-0.0346266
-2.8041
-1.44017
0.524267
0.380465
-1.26723
1.15129
-0.632089
0.522734
-1.01092
0.328882
0.89798
-0.272295
0.94502
-1.26655
0.375949
-0.881623
0.724671
1.58233
0.481092
-0.79106
-1.15349
-1.55889
-0.059038
0.124927
0.0607116
0.912434
0.813609
-0.405489
-1.15715
1.09783
-0.115551
1.49674
0.373466
1.6717
-0.0466562
-0.773649
-0.715611
-0.18141
0.0754783
-1.15011
0.478066
0.135034
0.449452
0.815644
0.61011
0.919989
-2.23692
-0.00737051
0.337432
0.744283
0.457053
-0.143468
0.0420223
-1.86517
0.591169
-2.1951
0.718226
-0.535923
-0.88962
-0.988759
0.0073124
0.607286
0.36748
0.178941
-0.246309
-0.718557
0.357234
1.47764
0.243883
1.90095
0.364351
-0.764795
0.112384
0.820655
0.407889
-0.932769
0.088299
0.559937
0.321991
-0.91923
0.214188
1.308
-0.0903936
-1.4001
0.733706
0.531001
0.51027
0.607973
1.80794
-0.359333
-0.685641
-0.504196
-0.622949
0.0920928
-0.738943
0.718194
0.320218
-1.56563
0.878404
0.404301
0.902343
0.268867
-0.28044
1.1016
0.653428
-2.14124
-1.52969
-0.181724
-1.27866
-1.47151
2.69891
-0.0108247
-0.574549
-0.437596
1.06161
-0.823319
-0.101773
0.387264
0.547613
-0.0316334
0.037065
-1.16783
0.796329
-0.407703
0.194104
-0.680314
0.1909
0.474414
0.322175
-0.278167
-0.281284
-0.957187
-1.4519
-0.537038
0.635926
2.04207
0.870959
-2.88555
0.0202175
0.40464
-1.01433
-1.0405
-1.18582
-1.32847
1.64678
1.31565
2.41506
-0.311268
-0.451538
0.668129
-0.416349
1.37114
-0.728951
0.0716393
-2.07363
0.958144
1.66615
1.48936
-2.11614
2.36975
-0.713121
-1.41828
-1.57357
-1.38887
0.829666
0.519652
-0.204323
1.91817
0.743839
0.169259
1.12556
-0.841442
1.98285
-0.00264187
-1.15386
0.954485
-0.915605
-2.66078
-1.11444
3.16108
0.0194986
-0.423896
-0.317681
-0.303923
-1.73254
0.393464
1.67212
0.330504
-1.49775
1.05101
-1.47497
1.47598
0.304228
1.22734
-0.578996
0.468359
2.00236
0.642773
-0.955826
0.0467773
0.598288
-0.159383
1.00566
0.230514
1.53641
0.45134
-1.91276
-0.852172
0.875089
-0.758064
0.616983
-1.45963
0.516334
-0.724404
0.596053
0.237938
0.0230791
0.932614
-1.9104
-0.557359
0.940095
-0.522673
0.361113
1.7108
-0.611247
-0.407588
-0.0304297
-1.00289
-1.62494
1.62527
0.669331
1.06771
0.314165
0.391654
-1.66424
-0.32019
0.538206
0.546828
-0.658454
-0.483276
1.40326
-1.08904
0.716391
-0.782861
0.792635
-0.425161
0.0540588
0.04656
0.3361
-2.87147
-2.23322
-0.793508
-0.328774
-0.961591
-1.07591
1.46277
-0.358291
1.53855
1.08274
-1.03646
-0.223295
-1.82017
0.55657
0.611668
-0.364007
0.863547
-0.471723
1.02629
0.84543
0.802118
2.05363
0.0860511
-0.627795
-0.468065
-2.0718
-1.52824
2.49932
-0.882132
2.13728
0.50339
1.11939
0.141085
1.10239
1.55873
-0.228704
1.06849
0.435998
-0.030887
1.00812
1.05719
0.0446926
-0.396948
-1.34931
-0.0821755
-1.42416
-0.226823
-0.489173
0.186709
1.22425
-1.00105
2.35102
0.869928
1.59398
0.346547
-0.194927
1.48316
-0.34218
-0.799307
-0.39118
-1.19154
-0.257235
0.768324
0.789678
-0.158116
-1.83493
-1.04043
-0.443425
0.685449
-0.141117
-2.42083
-1.79459
1.02791
0.545845
-0.0181222
0.337613
0.849693
-0.424637
1.50498
1.23005
1.56494
1.82144
1.68035
0.962679
-1.05288
1.09982
0.760943
-0.307955
0.493371
1.61993
0.605343
-1.84835
1.19715
1.19719
-1.37181
0.139163
0.929998
-1.1749
0.437699
-0.19985
-0.583496
0.366608
1.01628
0.393615
-0.567273
-1.56125
-1.35371
1.52079
0.182499
-0.0210902
-1.53543
0.667343
-1.05749
-0.550426
-0.518795
0.231808
-1.15618
-1.76461
-0.134419
0.709033
0.481902
0.657788
-1.13295
-0.468587
-0.447496
3.21541
-0.682732
0.488467
1.48525
1.35455
-0.775203
0.308949
-0.0560961
-0.689164
0.0851038
-1.32989
0.588071
-0.153667
-0.788209
0.159065
0.270359
-0.715416
0.142286
-0.080388
-0.368202
-0.0831094
-0.302868
-1.97639
0.164642
0.666189
-0.829635
-0.328898
-0.212669
1.89851
-0.675563
-0.742697
0.188238
1.16248
-0.11726
1.63904
-0.319826
0.81811
-1.79434
-0.0468193
2.35947
0.0648298
0.520779
0.276388
-0.998834
-0.470328
-0.531203
1.92179
0.423027
1.7445
0.769263
-1.26704
-1.88983
-0.156263
-1.6462
0.300838
1.75828
0.545275
-0.57174
-0.432889
0.319097
0.810414
0.269015
-0.357352
-0.770781
-0.332105
1.34727
-0.323286
0.209917
-0.553564
-1.75601
0.293823
0.94407
-2.12923
0.276667
0.262176
0.66798
1.55422
0.704569
0.339253
0.657326
1.50155
-0.228436
0.70155
0.869261
-1.58728
-0.818484
-0.0839398
-0.654182
0.0855814
0.453787
-0.683312
1.32086
1.12842
2.11302
1.08624
0.569287
1.2812
-0.257112
-2.00221
0.265397
1.17285
1.10963
0.042544
-0.180207
-0.455872
0.953989
-0.685814
-0.192934
1.15184
-0.314301
1.23216
-1.47573
0.900327
0.624849
-1.28847
-0.106187
1.1119
1.499
0.278113
0.951638
-0.10477
1.32413
-1.17671
0.897695
-0.926625
0.886335
0.455814
0.248878
-0.635529
-1.27849
0.140006
-1.23446
0.768681
-0.224183
-1.04556
-1.32251
0.472478
-0.934418
0.412525
2.15401
0.0547934
0.737157
0.190945
0.00280103
-0.0180678
-0.101064
0.831547
0.759847
-0.551554
0.798356
0.971038
-1.51635
1.16928
-0.279275
-0.262325
1.01889
-1.42208
0.721227
-0.177249
-0.0114596
0.328827
0.284552
0.615365
0.581002
-0.468502
-1.13658
-0.275284
0.134681
0.410797
-0.557559
-1.27126
-0.451039
-0.222566
-0.470615
-0.506672
-0.0962592
-2.17654
-0.304977
-0.446151
-1.12587
0.328566
0.135555
-0.28763
0.430523
1.79245
-0.776682
-0.654256
1.53173
1.08984
0.325604
-0.268587
-0.342645
0.922805
-0.0470056
0.0960202
0.15423
-1.03755
-2.71016
-0.25351
-0.757505
-1.26438
-0.406161
-0.158418
0.854613
-0.115428
-0.0193223
-0.948835
0.57548
-0.615959
0.176672
0.432798
-1.52374
-0.155045
0.316095
0.096071
0.654764
-0.0584014
0.54398
2.21979
0.61784
-0.186603
-0.728885
1.34753
-1.47306
-0.137523
-0.374282
-1.39415
-1.72825
0.309201
1.99959
-1.5894
-0.217725
-0.158084
-0.0524556
1.25082
0.405019
0.838703
0.421186
0.00320119
1.26142
-0.605912
0.331996
1.72618
-0.366967
0.284328
0.604984
-0.613927
-0.24112
0.747116
-0.257437
0.647618
0.0212551
0.602885
-0.65614
-1.17253
-1.69098
1.67477
1.49872
-0.75163
0.420559
0.548817
-0.46888
-0.998907
1.7344
-1.67206
2.48835
-0.0674195
0.0630169
-0.301328
0.827064
0.723792
1.02318
-0.134042
-0.534868
0.583387
0.649045
0.718309
0.447977
1.24694
-0.134005
-0.364618
-1.05728
-0.783252
-0.371335
1.15502
-1.63306
-1.46258
1.73576
0.892375
0.14767
-0.235121
0.303606
-1.77357
1.34357
2.51877
-1.29854
-0.0599916
0.806761
0.762327
1.15478
0.379349
-1.4143
-0.137965
-0.193094
1.09332
-1.37756
-0.0646743
-0.590098
-0.572072
-1.58406
1.42372
-0.261441
-0.0729811
0.402741
1.80071
0.754028
-0.0158964
-1.47528
-1.001
0.551367
2.0289
1.09214
1.81997
1.1568
0.223262
0.381497
-1.48841
-0.298867
-0.84868
-0.865333
-1.1444
0.0377719
-1.34669
-0.720578
0.488223
0.165862
2.70787
1.14619
-0.841176
-0.0066898
-0.466852
2.34554
-0.0796156
-1.64651
1.84391
-0.747441
-0.877285
-0.179732
2.09139
0.104821
-2.23106
0.0969655
-0.969444
-0.473066
1.47325
-0.900617
-0.62299
1.68314
-0.259187
0.239179
0.123448
0.151494
0.000579113
0.0335667
-0.59705
1.05444
1.02586
-0.736802
-0.906483
-0.311668
0.985933
0.749487
0.332798
-0.0959145
0.272657
-1.7105
-0.232386
-1.74505
-1.07782
-1.15544
-0.600549
0.64371
0.0485063
0.970491
-1.68777
-0.52169
0.520639
-0.55263
-0.151759
1.22555
0.627904
-0.341253
-0.959703
-1.01881
1.17972
-0.699234
-0.690073
-0.945218
0.28222
0.109888
0.321334
0.706591
0.198661
-0.14414
-1.38332
-0.982649
0.205789
-1.56002
-1.12712
1.09031
-1.34363
1.17378
-1.71199
0.217237
1.51775
-0.214078
-1.79979
-0.276418
1.10828
-0.64247
0.0452466
-1.55038
-1.87924
-0.32191
-1.51526
-0.745694
0.789425
0.179048
0.266184
-0.154826
0.154401
0.205483
1.49368
0.291338
0.772508
-0.0885683
-0.835879
1.04992
1.29231
-1.69057
1.13422
0.697105
-1.7911
-0.494845
1.17211
0.306007
0.655324
-1.3024
1.9511
1.60007
0.285414
-0.771184
0.529
0.333342
-0.590758
0.27256
0.977527
-0.400287
0.686612
-0.833846
-0.22206
0.715631
-1.08897
-0.836535
0.151603
1.03871
0.46051
-0.881982
0.456872
-0.363252
0.707527
0.473962
1.45238
-0.563205
1.2116
-0.354712
1.25497
-0.812657
-0.765683
-0.455573
-0.45921
0.871557
1.30349
0.332098
0.209649
0.501417
1.85593
-2.11807
-1.24112
-0.928031
-1.37461
-0.103153
0.399143
-0.36841
-0.183355
-0.916864
0.864422
0.694324
-1.50619
-0.87791
-0.534098
-0.822762
-0.654434
0.842458
0.719482
-1.12932
0.433934
0.747206
-1.2811
-0.682849
0.0846588
-0.695018
1.54187
-1.35424
0.857559
1.04314
0.773233
0.228472
-1.17549
-0.387139
-0.801992
0.231594
0.742039
-2.03701
-1.15952
-0.0699201
2.38333
0.32562
0.703197
-0.479758
-0.407942
-0.54344
-1.25299
-0.477843
-1.93682
0.0400884
1.18056
-0.233348
1.2534
0.765994
-0.423706
-0.819052
1.7249
0.484796
0.439583
0.558007
0.582348
2.13238
0.543298
-0.325636
-0.448988
-0.97346
1.02946
1.88638
-0.591966
-0.464558
0.740873
0.53133
0.667291
2.13198
-1.03863
0.356112
1.93453
0.152851
0.12268
0.189258
-0.432123
0.449488
-2.52555
0.617701
0.667424
-0.597115
-0.645419
-0.675894
-0.0487918
1.73614
-1.09095
1.43281
-0.977062
-0.101065
0.292566
0.996424
0.433552
-0.505584
0.78629
1.14874
-1.28727
0.749615
1.00266
-0.627683
-1.49695
0.358817
-2.43646
-0.932735
1.32632
0.36829
0.531301
0.0100754
1.62442
0.0307895
-1.37052
-0.477194
-1.79654
-0.0371378
-0.187675
1.09825
0.205438
0.634844
-1.14035
-1.22407
0.406504
-0.256145
0.552087
0.174307
0.814015
1.62251
0.422621
0.463352
1.10482
-0.435685
-1.90969
-0.392522
-1.31655
0.460445
-1.11156
0.0690307
1.50186
0.465029
0.13071
0.0513211
1.30015
1.0081
1.20736
0.442431
-0.0173705
-0.103076
-1.51423
-0.317212
-1.05253
0.899917
0.0393012
-0.272984
-0.149028
1.23811
-0.429129
0.765595
0.0522722
-0.264154
1.06967
0.646993
-1.1052
1.154
-0.000196271
0.397478
-0.326605
-0.921052
0.152036
-1.70764
-0.602078
1.44197
-0.294845
0.908168
0.205796
-1.65594
-0.972291
-1.18008
-1.01168
0.726699
0.456925
-0.375097
0.177538
-1.5724
-0.318771
0.642612
-0.222471
-0.547378
0.347779
0.306905
-0.128395
-1.56948
-0.137675
0.556921
1.49367
-1.30555
-0.480027
-1.03473
0.755067
0.913657
0.949783
0.905346
-1.1973
-0.435786
-0.329313
-0.573308
-0.769362
1.83684
0.413498
-0.064502
-0.267091
1.31736
-0.330874
1.11965
-0.467797
1.36728
-0.772739
1.02547
-0.279562
1.03487
0.196845
-2.14841
-1.6403
-0.341127
-0.444784
-1.2054
-1.30363
1.39058
0.683238
-0.204089
0.822072
-0.29442
-0.0913713
-0.747357
0.216466
-0.604072
-0.457851
0.0982248
-0.902349
0.747862
-0.0897481
1.67828
-0.360345
-0.0620688
1.16155
-0.851088
1.54455
-0.873218
-2.14067
-0.666478
-0.304912
-0.811224
2.028
0.157544
-1.68186
0.878578
0.135188
1.10917
-0.591046
-1.33011
1.74825
-1.05911
-0.388781
0.208996
0.280838
-0.805834
-1.55071
1.11
-0.087036
1.03742
1.28559
1.94255
0.427388
-1.48632
-1.561
-0.474558
2.24353
-0.837111
-0.371332
-2.9712
-0.649419
0.0636645
-1.26036
0.103305
-0.156358
-0.728228
0.143134
2.5981
0.621999
1.82566
0.566712
-1.54133
-0.592946
-1.91128
0.611249
0.906545
1.29042
0.239009
3.26836
1.544
-0.527815
1.38938
0.382349
0.355102
0.24883
1.51355
0.0532136
-0.112977
-0.65588
-0.315489
1.17669
-0.203253
-0.287503
-0.727437
-1.35398
0.654476
-0.509842
0.88289
-2.10239
1.04497
-1.51735
-0.722732
-0.918878
0.672028
1.95644
0.393818
-0.172133
0.234794
-0.812527
-0.744693
-0.645336
-0.767521
1.21869
-1.16276
-0.108858
-0.853758
1.34109
-0.365344
-2.12054
2.16688
-1.46736
-0.151342
-1.37532
2.02792
0.702867
0.145025
-0.70978
0.372806
-0.967455
-0.914517
1.61797
-0.923901
-0.212559
0.573258
0.255191
0.108252
0.172148
-0.533167
-0.755105
0.134222
0.936454
-1.07539
1.20471
1.69973
-0.133066
-0.536557
1.28505
-2.18828
1.52822
-1.8555
-0.115166
0.777887
0.453314
-0.373593
-0.0926312
0.0987982
0.0456299
-0.777026
-1.55032
1.19201
1.95116
-1.34448
1.09
0.485835
-0.392664
1.66405
0.0142003
0.124229
-1.53723
-1.85361
-0.809991
1.32677
-1.31932
-0.501107
-0.813289
1.70051
0.393541
0.716237
-1.37543
-0.778328
-0.268285
0.477878
-0.487968
0.361226
-0.223322
1.64522
0.538676
-0.504933
1.17596
-0.20038
-0.985287
-1.77396
-2.04984
0.877482
0.10707
-0.272915
1.20552
-0.507434
0.663574
-0.449298
-1.32658
0.0838747
0.276164
0.671309
0.176776
0.118138
1.08088
-1.34226
-0.674167
0.077915
1.47132
-0.335831
-1.403
1.16528
1.60003
0.238006
0.294069
-0.254869
0.872696
0.363533
0.178155
1.32959
0.538401
-2.16691
0.470831
0.14836
-0.563066
-1.0863
-0.583273
0.21198
-1.34995
1.34235
0.252691
0.46642
-1.33162
-0.874069
-1.1458
0.783621
-0.398692
-0.357573
-0.345182
-0.121834
1.39102
-1.47199
1.55062
0.356465
0.0794438
-0.883252
-0.469694
1.25665
1.23188
-1.81401
-0.569558
-1.01103
-0.187008
0.122315
1.13809
-0.554611
-0.433248
-0.256385
-0.46229
-0.277988
0.938271
0.403577
-0.617405
1.13423
0.620966
-0.891313
-0.60106
0.910538
0.922073
0.00222831
-1.68729
-0.304532
0.433848
-0.854244
1.67175
0.0771069
1.39452
2.01253
-1.26067
-0.472505
-0.677548
0.671429
-0.174543
0.764543
-0.567207
-1.06232
-0.37881
-1.57708
0.821073
-2.59616
-0.0282536
-1.27402
1.44504
-0.732561
0.53648
0.00524848
0.503374
0.0444314
0.391478
1.52244
1.52573
0.729688
-1.03067
0.0908623
1.28807
0.0774682
-0.522667
-0.283879
0.167658
-0.641398
-1.11789
1.03798
0.873252
0.724837
-1.12176
0.101449
2.1326
-0.120534
-0.275647
-1.09416
-1.88938
-0.0858266
-1.04186
-1.01048
0.750511
0.596219
-0.795702
0.787722
1.09142
0.733915
-1.15444
-0.405776
0.467705
-0.120699
-0.414807
0.315163
2.10246
0.660673
-0.118815
-0.932835
1.38427
0.281148
0.919748
0.795565
0.423468
0.905643
0.173869
-1.00357
0.235998
-0.630583
-0.278328
2.31329
0.0120833
0.0744487
2.15139
0.506307
-0.167134
0.887474
-0.380657
-1.17645
-0.937629
-0.809318
0.208729
1.18654
-0.0458612
0.916449
-1.95609
2.26537
0.470204
0.50076
-0.563476
0.603931
-0.0203835
1.26299
0.968228
-0.504015
-0.336377
2.23574
0.285226
-1.21278
-0.0874686
1.91171
0.0646119
0.707003
0.39021
-0.393846
0.350648
-0.305071
0.669477
-0.287467
0.154763
0.695255
0.93444
-1.7865
-0.253725
0.358275
-1.93524
-1.27171
0.0674124
0.462157
1.42918
-0.672896
-0.417174
-1.35622
0.230368
0.456904
0.515423
-0.741138
-0.279707
-1.32372
-0.708941
-2.31828
-0.420971
0.0958897
-0.363686
1.20973
0.18975
0.325225
-0.444107
-0.0924686
0.64713
-0.331959
1.08094
0.592873
-1.39505
1.60445
0.223583
-0.989779
-1.02727
0.377889
-1.00333
-1.1244
0.0390813
-0.228195
-1.24036
0.229157
1.32337
-1.55533
2.0665
-0.808913
0.0918266
-0.881779
0.921142
-0.568019
-1.86923
-0.310618
1.02023
0.335387
0.934315
1.45834
1.15352
-0.000327573
-0.334467
-1.05094
-1.24862
1.11365
0.216231
-2.2851
-0.687173
-0.612256
0.755039
0.28539
1.74319
0.30871
0.748292
-0.579274
0.328231
0.606864
-1.50552
-1.73371
1.48633
1.67193
2.68933
0.805505
0.85479
0.663952
0.285968
0.672931
-0.00816679
0.541903
0.500664
0.111045
0.746522
-0.577486
1.05813
-1.65757
-0.705246
-1.43348
0.801586
-0.289174
1.19392
1.13864
-0.1208
1.80905
-0.0369913
1.53668
-2.54199
0.365632
-1.74947
-0.540757
-0.408919
-0.767382
-0.702841
0.599577
-0.239973
1.05644
-0.219986
0.706924
-2.16511
-1.20232
-0.197219
-0.378324
-0.216951
-0.355467
1.23163
-0.138637
0.797751
1.1731
1.50164
0.827797
-0.0211054
0.55739
-0.548402
0.18143
0.729295
-0.364275
1.43504
0.194196
-1.35686
0.433457
-0.794075
-0.0867195
-0.0839838
0.286703
-0.595346
-1.68563
-0.581964
-1.36237
0.19001
-1.31144
-0.854058
1.06324
-1.76563
-0.398028
-1.07085
0.900681
1.09239
0.111899
0.106153
-1.78316
-2.03446
0.371671
-1.16338
0.549201
0.18613
-0.150929
0.677817
1.29594
0.657961
-1.45245
0.247618
-0.865975
-0.111384
1.11294
0.621621
-0.277532
-0.404757
0.574999
0.213682
1.11066
-0.914573
-0.477974
1.17147
0.0695945
0.413872
0.226639
-0.597157
-0.916433
0.88213
0.210074
0.368472
-0.973025
1.76117
-0.650164
0.60141
-0.948653
-0.480289
1.4049
-1.06774
-0.665944
-1.27571
0.033304
1.47126
0.0546368
1.22558
-0.272357
-0.821455
1.01486
1.36481
0.0610255
-0.0287299
-0.463572
2.18034
-0.995279
-0.313452
0.105085
0.310749
0.705708
0.137795
0.733301
-0.121188
1.01927
-0.39915
0.424574
-1.07092
-0.56913
1.50119
-0.129349
-0.243177
0.780003
0.302596
-0.625803
0.559239
-0.607626
0.595358
0.162273
-2.62332
-0.627072
0.169254
-1.4985
-0.684819
0.484281
0.856847
0.265334
0.915488
-0.606794
0.23104
1.4254
2.75158
0.620739
0.271919
0.243635
-0.096126
-2.50361
-0.144423
1.21204
0.127695
0.0626099
-0.855562
0.468037
-0.293185
1.41654
-2.20155
1.64852
1.39375
-1.18602
-0.566729
1.1014
0.209037
-1.2023
1.21407
-0.254903
0.582864
-1.85459
0.5315
-1.05845
-0.903517
-1.79238
1.34331
0.0972234
-0.146775
0.723941
1.03069
-0.831332
-2.83222
-0.249711
1.31475
0.504454
1.04874
1.02867
1.75728
0.179583
0.346948
-1.37529
0.933591
0.525769
-0.367561
-0.532189
-0.286856
-1.22522
-0.431267
-1.85254
-0.907083
1.40954
-0.854348
0.02109
-2.39299
0.326108
0.0316958
-0.477269
0.0577183
0.19744
1.19931
-0.100537
1.13566
0.401253
0.116107
-0.326844
2.10076
-0.182314
-0.210233
-0.763961
-0.668964
0.612504
-0.60932
0.48857
1.12561
1.24551
-0.28282
-0.264077
0.447655
0.63109
1.6786
-0.516066
0.167331
0.538856
2.16824
-0.575097
-0.514042
0.569694
-1.01279
0.532577
0.147452
-0.490923
-0.0458876
0.222212
-1.4654
0.270472
-1.60178
0.310988
0.990683
0.188194
-1.76737
-0.698522
-0.331949
-0.108922
0.0656571
0.13214
-0.549913
0.795845
-0.168712
0.261631
-1.97392
-0.611049
-0.162216
0.0178806
-0.906026
0.750325
1.36827
0.714018
-1.942
2.3798
-1.33691
0.680355
-0.191007
-2.84836
1.26094
-0.207824
-0.358898
0.939697
-1.76191
1.23796
-0.307312
-0.134436
-1.37386
-0.513445
1.04183
-0.803164
-1.79177
1.8971
-0.06815
-1.45535
-0.444864
-0.749112
-1.09862
1.2246
-0.244811
-1.08402
0.696
0.530748
-0.336481
1.23172
0.0273038
1.8411
-1.38057
-0.0242223
0.0512322
0.693288
-0.263249
0.392411
0.717222
1.14771
0.737069
-1.77548
1.05065
1.08601
0.700011
-0.489749
1.21467
-0.511344
0.304964
0.643726
-3.16941
1.02792
-0.134146
0.701436
-0.471679
-1.73885
1.08078
0.343635
0.893662
0.426646
-0.0603544
-1.24369
-1.06708
1.22624
0.130614
0.94392
-1.70395
0.562847
0.562807
-0.0971645
-0.582207
0.640058
-0.55606
-0.663925
0.0458378
0.909017
-0.53683
0.0289995
0.198944
-0.0469279
-0.949445
1.93809
0.601431
-0.990928
0.0349088
0.0721754
-1.41803
-1.19444
-2.01178
-1.07237
-0.307672
-0.73126
0.286637
-0.278803
0.312113
-0.359964
1.05179
0.387371
0.0535402
0.577276
-0.0222124
1.15271
-0.0662344
0.00764572
1.5865
-2.07686
2.17695
-0.417483
2.12594
-0.253355
0.252317
-0.226959
0.915487
-0.677249
-0.692558
-0.11169
1.55289
-0.129822
0.311173
1.35631
-0.629992
-1.0053
-0.595731
-0.0943513
2.89668
1.36036
-0.895921
-1.04557
0.297269
0.547614
-0.958133
0.15068
-0.474388
-0.270288
0.939393
-0.599946
-0.815677
-0.988955
-0.632083
-1.29748
-0.863126
-0.885761
2.50301
-2.95788
-0.182727
1.54901
-0.125649
-0.669872
-0.786062
-1.05581
0.762085
-0.12192
-0.0687751
-0.810794
-0.579586
0.849413
0.428025
-0.759489
-1.26302
0.552521
0.227993
0.606513
-1.58724
-2.1753
-0.341868
-0.211917
0.609067
-1.70191
0.0674769
-0.682532
0.659203
-1.75705
-0.314634
-0.306165
-0.638687
-0.0487026
0.81546
-0.548225
-2.10012
-0.516561
-0.824945
-1.4933
0.919302
-1.24683
2.40293
1.64247
0.540999
0.925208
0.876122
-0.359428
-1.08947
1.15439
-0.410814
0.195376
-0.617768
0.553879
1.34106
-2.05146
0.18636
0.333632
1.62519
0.283393
0.280781
0.747765
0.429987
0.164343
-1.50173
2.1977
-0.884811
0.474623
-0.484633
0.183586
0.742186
0.0996562
-0.466472
-0.409924
0.449967
0.133735
1.11642
-0.609832
-0.765157
0.680424
0.249498
0.60198
-0.266611
0.351418
0.578194
0.178059
2.04403
-0.765118
-0.700152
0.935706
-0.699091
-0.775975
-1.55447
1.27102
0.98678
-0.0288698
-0.597934
-1.01602
1.17636
1.22562
0.755926
1.96627
0.891598
-0.524216
0.0490605
1.46115
-2.51163
-1.55995
0.340555
0.963484
-1.59814
-0.0937061
0.0775757
0.0720439
2.1058
-0.143277
0.153954
-0.143653
-0.0637834
-1.23226
0.381991
0.323526
0.116939
2.58573
0.277968
1.46733
0.1656
-0.595453
-1.24626
1.17817
0.977098
-1.02314
-0.144132
-0.8056
-0.125071
-0.049766
0.675724
-1.49966
1.8825
0.692385
0.114181
-0.329743
-0.995584
-0.461496
-2.20337
-0.383228
-0.992093
1.05832
-1.12621
2.24261
-0.752502
-1.94051
-0.140383
-0.257853
0.0402671
-0.585708
0.383193
0.0248518
-1.29269
-1.34834
0.817062
2.15954
0.402705
-1.54181
-1.52208
0.708879
-0.159168
-0.332743
1.58498
0.481688
0.918845
-0.179771
0.19916
0.618022
0.155466
-1.39114
0.937043
-1.12825
-0.369554
-1.01165
0.61608
-0.421582
1.32235
-0.0483793
-0.513677
-1.01214
-1.0281
-0.597051
0.837138
-1.30664
1.18347
1.55925
0.774073
-0.0235993
0.821433
0.23316
-0.541299
-1.17698
0.806263
0.998348
1.48453
-1.07129
2.153
0.959555
1.31652
0.377405
-0.563849
-0.414763
0.714267
-0.216063
-1.38497
1.05064
1.57835
-0.0571026
1.14331
1.61723
-0.0225797
0.0196367
1.41008
0.18961
-1.64214
0.227582
0.619592
1.21162
-2.0981
-0.194725
2.14679
-2.06162
0.106057
-0.610964
1.00477
-0.0801652
-0.300079
0.197057
-0.610241
-0.303029
0.0969323
-1.05828
0.88278
-0.494705
1.90388
-0.858292
0.902155
-1.44469
-1.2395
0.767125
0.977204
-0.748803
-0.615019
0.132183
1.2416
-0.173573
0.460917
1.01312
-0.578347
2.0723
-0.466384
0.243036
1.15859
-1.69662
0.0652411
0.0825353
0.535513
-0.512601
-1.33669
0.809451
-0.0223238
0.719055
0.387248
0.453785
0.795153
-0.116589
-1.09964
-0.279694
0.99683
-0.585878
0.458763
0.905406
0.438277
2.25601
0.610046
-0.167758
0.85591
1.35053
0.820484
-0.864402
-0.149368
0.121883
1.0207
-0.115973
0.788667
-0.84946
-1.44219
-0.641787
-0.790433
2.79961
2.54434
0.167833
-0.154616
-2.01237
-2.14615
-1.3859
0.112046
0.240267
-0.964844
-0.182252
0.228347
1.12464
-0.457643
-1.7072
-1.24631
0.0189762
-0.921305
-0.692134
0.222532
0.630364
1.46054
1.38828
1.67863
-1.11014
1.24986
0.118876
-0.616993
-0.25324
-1.51793
0.458519
0.183946
-0.788114
1.40611
0.455822
0.175704
-0.00371859
-0.348739
0.259514
1.06508
0.0648673
0.994066
1.83922
-3.60383
1.74372
1.17715
-0.854189
0.531332
-0.63767
-0.938446
-0.326703
1.57948
1.25197
-0.276747
0.272783
0.122989
0.284971
0.118595
0.671685
0.682698
-0.911775
-0.251663
-0.198359
2.43385
0.296912
0.69137
2.18608
-0.481444
0.590777
1.11155
-0.572614
0.358833
-1.82985
3.06124
0.480068
-1.57755
-0.011652
-0.926501
1.17304
-0.744582
0.0867473
0.462145
1.02198
-0.278398
-0.641701
0.902079
-1.47307
0.759663
-0.154937
-0.984712
-0.478435
-1.15359
0.00943963
-0.524869
0.216859
0.683662
-2.31142
-0.594671
0.260819
0.729824
0.144732
-0.424527
0.3123
-0.558889
1.30803
1.08652
-1.7354
-0.956632
-1.05731
-0.977289
0.660628
0.846163
0.699189
-1.52132
1.03608
-0.946422
-3.49193
1.15751
-0.137539
0.830589
-1.2077
0.500979
0.362692
-0.765572
-0.42559
-1.76631
-0.159041
0.711409
0.780008
-0.929833
0.44088
-0.931059
-0.450323
0.736726
0.368534
-1.33684
-0.267911
-0.048864
-0.917053
-0.323325
-0.715126
1.39109
0.310455
0.872188
-1.43212
1.76771
-0.447192
-2.49751
1.00625
-0.81942
0.726898
-0.0870079
0.516838
0.968199
-1.51151
1.8545
-0.156693
-0.527149
-0.0992336
-0.326986
0.986441
0.0473972
-0.672286
0.0973737
0.00960854
-1.58387
-0.370211
-0.920976
0.705238
-1.10834
-0.252312
1.01416
1.27635
-2.14901
0.320752
-0.0554241
-2.1477
-1.12266
-0.904447
-0.793099
1.67656
0.469382
-0.134295
0.50971
1.30498
1.03504
0.961522
-2.00039
-2.28513
-0.787149
-1.34766
-1.39631
1.34577
0.517325
-0.417107
0.170997
0.362923
-1.89968
0.784876
-1.212
-1.2019
-1.65888
0.696233
-0.418361
-0.25279
-0.331129
-2.22595
-0.438483
0.0189144
0.285096
1.17148
-2.08581
-0.600624
-1.87475
-0.873396
-1.00515
-0.241688
-0.00775705
0.313294
0.774229
-0.674707
-1.17156
-0.474266
-0.414328
0.973342
1.29329
1.53036
0.00792022
-0.417755
-0.359575
0.789404
-0.112047
-1.32607
-0.681746
-1.29073
0.54394
-1.37241
-0.490351
0.076245
0.420009
-1.32771
-1.60314
0.0550188
-0.484447
-0.0130755
0.544124
0.014348
0.862673
-0.364504
1.75568
-1.32587
0.758122
0.666386
-0.927682
0.265886
-1.64681
-0.197058
0.51258
0.880657
0.555797
-0.81276
-1.97263
-0.941443
0.0333191
1.31062
0.10432
0.333557
1.03925
0.836329
-0.115582
0.435379
-0.361273
0.0365751
-0.225645
0.348929
-0.683609
-0.271657
0.258284
0.711295
-0.206749
-2.22368
1.21644
0.749133
-0.944529
-0.0590597
1.23861
0.553708
1.23573
-0.819893
0.861369
-1.36049
0.163951
-0.288564
-1.03173
0.232376
1.17289
-0.621103
-0.64712
-0.145042
-0.307939
0.777592
-1.31018
0.228178
1.40205
1.61227
1.4692
0.128568
1.30756
-0.302127
1.30685
0.453682
1.14561
-0.915835
-0.785635
-0.676661
-0.0124337
0.246901
-0.0593468
2.34376
0.436038
-0.979033
-0.481282
-0.798052
-0.0229133
-1.25658
0.531687
1.27851
1.08614
-1.3525
-1.05444
-0.716949
0.592662
-0.412534
-0.358528
0.693194
0.502925
-0.00171336
3.30008
2.40521
0.604618
-0.596765
-1.6593
-0.731963
-1.91805
-1.45366
0.219808
1.29969
1.46317
-0.421243
1.18604
-1.14541
0.0850218
0.876036
0.105065
-0.00449731
-0.137671
-0.0788827
0.767724
-2.30061
-0.180703
-0.515254
-1.35996
-0.24144
0.789422
-0.734711
-0.185225
0.680259
-0.121283
1.67416
-0.180868
0.673115
-1.17747
0.530703
-0.0879515
-0.996267
0.535298
1.58926
-1.37571
-0.518123
0.577992
0.669449
-0.247657
-1.8926
-0.299987
0.0134694
-0.347384
-0.81846
0.742388
-0.168205
-1.39801
1.65984
0.481915
-0.88062
-1.5681
-0.971558
0.845455
0.919306
-0.476151
-1.1966
0.223396
1.20336
-0.206488
-0.321674
-0.619705
0.498252
0.658853
-0.326623
-0.157256
-0.906889
1.09748
-0.0898554
-0.117581
0.701377
0.751469
-0.294518
0.531998
0.2593
0.174829
0.298549
-0.688995
0.359273
-1.92115
-0.328551
-0.399767
0.840612
0.734377
0.592458
0.569009
-0.876497
-1.86358
0.9719
0.992052
0.701909
0.69676
-0.307869
-1.01578
-2.07965
-1.14599
-1.77926
0.122323
1.92291
-0.280964
-1.70456
0.862014
-1.15435
0.132419
-1.15738
0.0197529
0.647038
-0.0423146
-0.152997
0.787319
0.26201
-0.857023
0.035293
-1.12498
-1.50752
-0.184729
-0.315036
-0.689826
-0.332123
-0.691822
0.0484547
-0.302289
-0.170863
0.484502
-1.42478
1.78085
-0.717343
-0.281611
-1.6545
-0.502857
-0.521065
-1.35968
-0.653675
1.06068
0.870095
-0.399712
0.273893
0.0673063
0.891769
-0.388849
0.503903
0.457135
0.732132
1.07621
-0.18742
-0.753818
0.882443
3.12225
-0.0536055
-0.147417
-1.29732
-0.0646281
0.0830325
-0.773314
0.868689
1.85644
0.537529
0.847358
-0.546513
-0.297282
-2.10171
0.0154426
-0.199549
-0.327694
-0.706228
1.04436
0.0820732
0.677116
-0.481887
1.07372
0.0293087
-0.320062
0.907901
0.311327
-0.507518
0.805512
0.653879
-0.645057
1.67638
-0.534183
-0.500952
0.965126
-1.58572
0.471874
-0.36365
-1.18738
1.82611
-0.613212
1.22135
0.48493
-0.0151502
-0.438923
-0.659464
0.600721
-0.641641
1.67601
-1.63404
-0.540442
-0.837024
1.09542
0.417688
0.762337
0.851025
0.611753
-1.56252
0.911949
-1.56228
0.961052
-0.685021
0.358447
1.32743
0.546172
-1.34735
1.56349
0.668763
-0.0366088
-1.45953
-0.40493
0.0248651
-0.121462
-0.962208
1.26508
0.0431733
-0.589786
-2.48432
1.00042
-0.0270511
0.591677
0.0282556
1.111
0.795158
-1.35066
-0.683949
-0.765583
-2.13487
1.22724
0.893324
0.103266
1.11692
-1.94306
-1.4911
0.0186508
1.69303
-0.0574157
-0.448089
0.423328
-0.307235
0.110336
-0.331914
1.18222
1.59348
-0.562954
0.560313
-0.140055
0.618864
-1.24113
-0.0531948
-1.73652
1.20405
2.11911
-0.616549
0.698105
-0.987893
0.173056
-0.13347
-1.13375
0.266325
0.0130306
-0.71722
2.10219
0.393202
-0.254538
0.268644
-0.00742907
-1.02893
-0.365
1.6264
-1.45618
-0.0323415
-0.249542
0.653201
0.712293
0.652142
0.391398
-1.2155
0.526056
0.100802
0.177128
0.0421054
-0.104856
-0.920376
0.0278406
